Time (s)	repeat #	Applied voltage (V)	Current (A)	Absolute current (A)	Resistance (Ohm)
0.838	1	0	-7.05456E-11	7.05456E-11	0
1.153	1	1	0.00281	0.00281	356.41742
121.639	1	1	0.00281	0.00281	356.4145
121.944	1	0	-4.53786E-10	4.53786E-10	0
122.347	1	-2	-1.31407E-5	1.31407E-5	152199.35681
122.853	1	0	2.09675E-10	2.09675E-10	0
123.256	1	-1	-4.35549E-8	4.35549E-8	2.29595E7
123.561	1	0	2.46934E-10	2.46934E-10	0
123.869	1	-2	-1.21926E-5	1.21926E-5	164034.19129
124.362	1	0	3.23942E-10	3.23942E-10	0
124.772	1	-1	-3.02163E-8	3.02163E-8	3.30947E7
125.073	1	0	3.10928E-10	3.10928E-10	0
125.381	1	-2	-1.05678E-5	1.05678E-5	189253.97031
125.876	1	0	3.64683E-10	3.64683E-10	0
126.279	1	-1	-2.51357E-8	2.51357E-8	3.9784E7
126.585	1	0	3.32562E-10	3.32562E-10	0
126.892	1	-2	-1.01471E-5	1.01471E-5	197099.87248
127.38	1	0	3.88226E-10	3.88226E-10	0
127.787	1	-1	-2.23675E-8	2.23675E-8	4.47077E7
128.092	1	0	3.61824E-10	3.61824E-10	0
128.4	1	-2	-8.95011E-6	8.95011E-6	223461.04057
128.992	1	0	4.31039E-10	4.31039E-10	0
129.395	1	-1	-2.01244E-8	2.01244E-8	4.96909E7
129.7	1	0	3.77739E-10	3.77739E-10	0
130.009	1	-2	-8.66805E-6	8.66805E-6	230732.5088
130.506	1	0	4.17775E-10	4.17775E-10	0
130.917	1	-1	-1.84787E-8	1.84787E-8	5.41164E7
131.227	1	0	3.72268E-10	3.72268E-10	0
131.531	1	-2	-8.44515E-6	8.44515E-6	236822.37422
132.035	1	0	4.29464E-10	4.29464E-10	0
132.438	1	-1	-1.76615E-8	1.76615E-8	5.66205E7
132.744	1	0	3.87271E-10	3.87271E-10	0
133.051	1	-2	-8.18865E-6	8.18865E-6	244240.4738
133.557	1	0	4.32323E-10	4.32323E-10	0
133.961	1	-1	-1.64875E-8	1.64875E-8	6.06521E7
134.267	1	0	3.8122E-10	3.8122E-10	0
134.575	1	-2	-8.01778E-6	8.01778E-6	249445.57603
135.072	1	0	4.29298E-10	4.29298E-10	0
135.475	1	-1	-1.59616E-8	1.59616E-8	6.26504E7
135.781	1	0	3.85199E-10	3.85199E-10	0
136.09	1	-2	-7.93021E-6	7.93021E-6	252200.09909
136.595	1	0	4.36054E-10	4.36054E-10	0
136.998	1	-1	-1.5301E-8	1.5301E-8	6.53552E7
137.304	1	0	3.85157E-10	3.85157E-10	0
137.611	1	1	0.00279	0.00279	358.74105
138.193	1	0	-1.91453E-10	1.91453E-10	0
138.598	1	-1	-2.18045E-8	2.18045E-8	4.5862E7
138.903	1	0	2.55762E-10	2.55762E-10	0
139.211	1	1	0.00279	0.00279	358.55531
139.794	1	0	-2.25524E-10	2.25524E-10	0
140.204	1	-1	-2.48293E-8	2.48293E-8	4.02749E7
140.51	1	0	2.33506E-10	2.33506E-10	0
140.817	1	1	0.00279	0.00279	358.45133
141.399	1	0	-2.33524E-10	2.33524E-10	0
141.802	1	-1	-2.71811E-8	2.71811E-8	3.67903E7
142.116	1	0	2.21072E-10	2.21072E-10	0
142.419	1	1	0.00279	0.00279	358.38594
143.008	1	0	-2.42477E-10	2.42477E-10	0
143.411	1	-1	-2.86724E-8	2.86724E-8	3.48768E7
143.718	1	0	2.02795E-10	2.02795E-10	0
144.027	1	1	0.00279	0.00279	358.33496
144.601	1	0	-2.57896E-10	2.57896E-10	0
145.009	1	-1	-2.98079E-8	2.98079E-8	3.35481E7
145.315	1	0	2.16554E-10	2.16554E-10	0
145.622	1	1	0.00279	0.00279	358.30389
146.203	1	0	-2.49647E-10	2.49647E-10	0
146.606	1	-1	-3.02281E-8	3.02281E-8	3.30818E7
146.913	1	0	2.06856E-10	2.06856E-10	0
147.221	1	1	0.00279	0.00279	358.27488
147.802	1	0	-2.60715E-10	2.60715E-10	0
148.206	1	-1	-3.20482E-8	3.20482E-8	3.1203E7
148.512	1	0	2.1013E-10	2.1013E-10	0
148.821	1	1	0.00279	0.00279	358.24369
149.402	1	0	-2.55574E-10	2.55574E-10	0
149.806	1	-1	-3.24008E-8	3.24008E-8	3.08634E7
150.112	1	0	1.95665E-10	1.95665E-10	0
150.42	1	1	0.00279	0.00279	358.22996
151.008	1	0	-2.52466E-10	2.52466E-10	0
151.411	1	-1	-3.22878E-8	3.22878E-8	3.09714E7
151.718	1	0	1.95251E-10	1.95251E-10	0
152.025	1	1	0.00279	0.00279	358.21212
152.607	1	0	-2.50808E-10	2.50808E-10	0
153.012	1	-1	-3.24406E-8	3.24406E-8	3.08256E7
153.318	1	0	1.84475E-10	1.84475E-10	0
153.626	1	1	0.00281	0.00281	355.91178
274.122	1	1	0.00281	0.00281	355.91305
274.42	1	0	-4.50925E-10	4.50925E-10	0
274.828	1	-3	-6.26704E-5	6.26704E-5	47869.48099
275.322	1	0	4.00949E-10	4.00949E-10	0
275.73	1	-1	-1.57918E-8	1.57918E-8	6.33242E7
276.036	1	0	2.78723E-10	2.78723E-10	0
276.344	1	-3	-5.71847E-5	5.71847E-5	52461.56666
276.839	1	0	5.27235E-10	5.27235E-10	0
277.243	1	-1	-1.18245E-8	1.18245E-8	8.45701E7
277.549	1	0	3.58797E-10	3.58797E-10	0
277.856	1	-3	-5.45774E-5	5.45774E-5	54967.80719
278.352	1	0	5.70049E-10	5.70049E-10	0
278.754	1	-1	-1.00114E-8	1.00114E-8	9.98865E7
279.06	1	0	3.9871E-10	3.9871E-10	0
279.367	1	-3	-5.23716E-5	5.23716E-5	57282.92207
279.862	1	0	5.9873E-10	5.9873E-10	0
280.266	1	-1	-9.17254E-9	9.17254E-9	1.09021E8
280.572	1	0	4.12761E-10	4.12761E-10	0
280.879	1	-3	-5.16118E-5	5.16118E-5	58126.1974
281.374	1	0	6.08885E-10	6.08885E-10	0
281.784	1	-1	-8.47387E-9	8.47387E-9	1.1801E8
282.086	1	0	4.17279E-10	4.17279E-10	0
282.394	1	-3	-5.03044E-5	5.03044E-5	59636.97779
282.889	1	0	6.18458E-10	6.18458E-10	0
283.293	1	-1	-7.77674E-9	7.77674E-9	1.28589E8
283.607	1	0	4.39246E-10	4.39246E-10	0
283.914	1	-3	-4.92115E-5	4.92115E-5	60961.29872
284.41	1	0	6.26168E-10	6.26168E-10	0
284.812	1	-1	-7.52966E-9	7.52966E-9	1.32808E8
285.118	1	0	4.42768E-10	4.42768E-10	0
285.426	1	-3	-4.92374E-5	4.92374E-5	60929.30596
285.92	1	0	6.39719E-10	6.39719E-10	0
286.324	1	-1	-7.16855E-9	7.16855E-9	1.39498E8
286.629	1	0	4.46332E-10	4.46332E-10	0
286.937	1	-3	-4.83621E-5	4.83621E-5	62032.08423
287.432	1	0	6.41335E-10	6.41335E-10	0
287.836	1	-1	-6.99957E-9	6.99957E-9	1.42866E8
288.142	1	0	4.57772E-10	4.57772E-10	0
288.448	1	-3	-4.87296E-5	4.87296E-5	61564.1859
288.944	1	0	6.50912E-10	6.50912E-10	0
289.348	1	-1	-6.76048E-9	6.76048E-9	1.47918E8
289.654	1	0	4.49067E-10	4.49067E-10	0
289.961	1	1	0.00279	0.00279	358.83541
290.543	1	0	-1.53237E-10	1.53237E-10	0
290.947	1	-1	-1.01458E-8	1.01458E-8	9.85628E7
291.254	1	0	2.78185E-10	2.78185E-10	0
291.561	1	1	0.00279	0.00279	358.57807
292.143	1	0	-2.15038E-10	2.15038E-10	0
292.546	1	-1	-1.21593E-8	1.21593E-8	8.22416E7
292.853	1	0	2.34252E-10	2.34252E-10	0
293.16	1	1	0.00279	0.00279	358.4372
293.742	1	0	-2.26892E-10	2.26892E-10	0
294.153	1	-1	-1.39297E-8	1.39297E-8	7.17891E7
294.456	1	0	2.35661E-10	2.35661E-10	0
294.764	1	1	0.00279	0.00279	358.3374
295.345	1	0	-2.41773E-10	2.41773E-10	0
295.756	1	-1	-1.51403E-8	1.51403E-8	6.60488E7
296.062	1	0	2.20077E-10	2.20077E-10	0
296.369	1	1	0.00279	0.00279	358.26397
296.959	1	0	-2.4227E-10	2.4227E-10	0
297.363	1	-1	-1.56739E-8	1.56739E-8	6.38001E7
297.669	1	0	2.04991E-10	2.04991E-10	0
297.976	1	1	0.00279	0.00279	358.20275
298.558	1	0	-2.55533E-10	2.55533E-10	0
298.962	1	-1	-1.63805E-8	1.63805E-8	6.10482E7
299.268	1	0	2.09592E-10	2.09592E-10	0
299.576	1	1	0.00279	0.00279	358.15541
300.165	1	0	-2.44632E-10	2.44632E-10	0
300.575	1	-1	-1.75617E-8	1.75617E-8	5.69423E7
300.883	1	0	2.03955E-10	2.03955E-10	0
301.193	1	1	0.00279	0.00279	358.11976
301.782	1	0	-2.603E-10	2.603E-10	0
302.186	1	-1	-1.8489E-8	1.8489E-8	5.40863E7
302.492	1	0	1.9637E-10	1.9637E-10	0
302.8	1	1	0.00279	0.00279	358.08616
303.389	1	0	-2.53461E-10	2.53461E-10	0
303.801	1	-1	-1.87446E-8	1.87446E-8	5.33487E7
304.107	1	0	2.07312E-10	2.07312E-10	0
304.414	1	1	0.00279	0.00279	358.06231
304.996	1	0	-2.59844E-10	2.59844E-10	0
305.4	1	-1	-2.00452E-8	2.00452E-8	4.98874E7
305.713	1	0	1.92847E-10	1.92847E-10	0
306.018	1	1	0.00281	0.00281	355.68544
426.5	1	1	0.00281	0.00281	355.68657
426.799	1	0	-4.46697E-10	4.46697E-10	0
427.207	1	-4	-1.13043E-4	1.13043E-4	35384.73379
427.609	1	0	4.92172E-10	4.92172E-10	0
428.012	1	-1	-5.56285E-9	5.56285E-9	1.79764E8
428.318	1	0	2.89044E-10	2.89044E-10	0
428.626	1	-4	-1.04086E-4	1.04086E-4	38429.83385
429.028	1	0	6.38188E-10	6.38188E-10	0
429.432	1	-1	-4.74991E-9	4.74991E-9	2.1053E8
429.738	1	0	3.77449E-10	3.77449E-10	0
430.045	1	-4	-9.8525E-5	9.8525E-5	40598.82866
430.533	1	0	7.68452E-10	7.68452E-10	0
430.94	1	-1	-4.20398E-9	4.20398E-9	2.3787E8
431.245	1	0	4.35266E-10	4.35266E-10	0
431.553	1	-4	-9.56408E-5	9.56408E-5	41823.14185
432.041	1	0	8.04842E-10	8.04842E-10	0
432.447	1	-1	-3.96772E-9	3.96772E-9	2.52034E8
432.753	1	0	4.67677E-10	4.67677E-10	0
433.061	1	-4	-9.383E-5	9.383E-5	42630.28882
433.548	1	0	8.28756E-10	8.28756E-10	0
433.956	1	-1	-3.77648E-9	3.77648E-9	2.64797E8
434.262	1	0	4.86453E-10	4.86453E-10	0
434.569	1	-4	-9.15958E-5	9.15958E-5	43670.11508
435.056	1	0	8.22167E-10	8.22167E-10	0
435.464	1	-1	-3.69113E-9	3.69113E-9	2.7092E8
435.771	1	0	4.97892E-10	4.97892E-10	0
436.078	1	-4	-9.07994E-5	9.07994E-5	44053.16909
436.573	1	0	8.5292E-10	8.5292E-10	0
436.978	1	-1	-3.57871E-9	3.57871E-9	2.7943E8
437.284	1	0	4.99923E-10	4.99923E-10	0
437.592	1	-4	-8.91356E-5	8.91356E-5	44875.43309
438.086	1	0	8.67718E-10	8.67718E-10	0
438.491	1	-1	-3.48107E-9	3.48107E-9	2.87268E8
438.797	1	0	5.06347E-10	5.06347E-10	0
439.104	1	-4	-8.81097E-5	8.81097E-5	45397.95793
439.599	1	0	8.57356E-10	8.57356E-10	0
440.004	1	-1	-3.42872E-9	3.42872E-9	2.91654E8
440.309	1	0	5.09621E-10	5.09621E-10	0
440.618	1	-4	-8.73644E-5	8.73644E-5	45785.21879
441.113	1	0	8.62578E-10	8.62578E-10	0
441.517	1	-1	-3.37575E-9	3.37575E-9	2.96231E8
441.822	1	0	5.11444E-10	5.11444E-10	0
442.131	1	1	0.00278	0.00278	359.24289
442.718	1	0	-1.22274E-10	1.22274E-10	0
443.123	1	-1	-4.64521E-9	4.64521E-9	2.15276E8
443.429	1	0	2.90743E-10	2.90743E-10	0
443.736	1	1	0.00279	0.00279	358.90263
444.324	1	0	-1.89919E-10	1.89919E-10	0
444.735	1	-1	-5.28261E-9	5.28261E-9	1.893E8
445.049	1	0	2.53731E-10	2.53731E-10	0
445.353	1	1	0.00279	0.00279	358.7148
445.936	1	0	-2.15328E-10	2.15328E-10	0
446.349	1	-1	-5.78162E-9	5.78162E-9	1.72962E8
446.653	1	0	2.3906E-10	2.3906E-10	0
446.961	1	1	0.00279	0.00279	358.57974
447.549	1	0	-2.37213E-10	2.37213E-10	0
447.96	1	-1	-6.30796E-9	6.30796E-9	1.5853E8
448.267	1	0	2.25134E-10	2.25134E-10	0
448.574	1	1	0.00279	0.00279	358.4832
449.156	1	0	-2.42643E-10	2.42643E-10	0
449.561	1	-1	-6.72098E-9	6.72098E-9	1.48788E8
449.867	1	0	2.07022E-10	2.07022E-10	0
450.174	1	1	0.00279	0.00279	358.40059
450.762	1	0	-2.41192E-10	2.41192E-10	0
451.173	1	-1	-7.12251E-9	7.12251E-9	1.404E8
451.48	1	0	2.09799E-10	2.09799E-10	0
451.787	1	1	0.00279	0.00279	358.34023
452.369	1	0	-2.54497E-10	2.54497E-10	0
452.773	1	-1	-7.48238E-9	7.48238E-9	1.33647E8
453.079	1	0	2.0756E-10	2.0756E-10	0
453.387	1	1	0.00279	0.00279	358.28771
453.968	1	0	-2.58186E-10	2.58186E-10	0
454.373	1	-1	-8.01493E-9	8.01493E-9	1.24767E8
454.679	1	0	2.06317E-10	2.06317E-10	0
454.988	1	1	0.00279	0.00279	358.2383
455.577	1	0	-2.54207E-10	2.54207E-10	0
455.981	1	-1	-8.46525E-9	8.46525E-9	1.1813E8
456.288	1	0	1.94049E-10	1.94049E-10	0
456.595	1	1	0.00279	0.00279	358.19942
457.184	1	0	-2.54746E-10	2.54746E-10	0
457.588	1	-1	-8.9224E-9	8.9224E-9	1.12077E8
457.895	1	0	1.94588E-10	1.94588E-10	0
458.202	1	1	0.00281	0.00281	355.62953
578.685	1	1	0.00281	0.00281	355.62763
578.984	1	0	-4.41018E-10	4.41018E-10	0
579.393	1	-2	-1.20679E-5	1.20679E-5	165728.36789
579.895	1	0	2.04493E-10	2.04493E-10	0
580.299	1	-1	-3.76574E-8	3.76574E-8	2.65552E7
580.605	1	0	2.42831E-10	2.42831E-10	0
580.919	1	-2	-1.04615E-5	1.04615E-5	191176.80796
581.411	1	0	3.2618E-10	3.2618E-10	0
581.822	1	-1	-2.83876E-8	2.83876E-8	3.52267E7
582.132	1	0	3.05166E-10	3.05166E-10	0
582.443	1	-2	-9.25009E-6	9.25009E-6	216214.08914
583.025	1	0	4.00327E-10	4.00327E-10	0
583.432	1	-1	-2.26803E-8	2.26803E-8	4.40912E7
583.738	1	0	3.51877E-10	3.51877E-10	0
584.045	1	-2	-8.30877E-6	8.30877E-6	240709.66022
584.638	1	0	4.2159E-10	4.2159E-10	0
585.043	1	-1	-1.96496E-8	1.96496E-8	5.08917E7
585.349	1	0	3.69904E-10	3.69904E-10	0
585.656	1	-2	-8.12474E-6	8.12474E-6	246161.69303
586.156	1	0	4.14461E-10	4.14461E-10	0
586.56	1	-1	-1.82874E-8	1.82874E-8	5.46823E7
586.866	1	0	3.67211E-10	3.67211E-10	0
587.173	1	-2	-7.74694E-6	7.74694E-6	258166.38359
587.672	1	0	4.10481E-10	4.10481E-10	0
588.076	1	-1	-1.77478E-8	1.77478E-8	5.63449E7
588.382	1	0	3.82299E-10	3.82299E-10	0
588.689	1	-2	-7.64085E-6	7.64085E-6	261750.84618
589.195	1	0	4.28759E-10	4.28759E-10	0
589.598	1	-1	-1.65582E-8	1.65582E-8	6.03931E7
589.904	1	0	3.82422E-10	3.82422E-10	0
590.211	1	-2	-7.34623E-6	7.34623E-6	272248.59782
590.71	1	0	4.25444E-10	4.25444E-10	0
591.114	1	-1	-1.59759E-8	1.59759E-8	6.25944E7
591.42	1	0	3.88266E-10	3.88266E-10	0
591.727	1	-2	-7.25297E-6	7.25297E-6	275749.0689
592.225	1	0	4.4314E-10	4.4314E-10	0
592.629	1	-1	-1.56766E-8	1.56766E-8	6.37895E7
592.935	1	0	3.90131E-10	3.90131E-10	0
593.243	1	-2	-7.00951E-6	7.00951E-6	285326.48626
593.741	1	0	4.31578E-10	4.31578E-10	0
594.145	1	-1	-1.48918E-8	1.48918E-8	6.71511E7
594.452	1	0	3.85489E-10	3.85489E-10	0
594.76	1	0.5	4.77191E-4	4.77191E-4	1047.79803
595.162	1	0	-4.55932E-11	4.55932E-11	0
595.573	1	-1	-1.87021E-8	1.87021E-8	5.347E7
595.879	1	0	2.74207E-10	2.74207E-10	0
596.187	1	0.5	4.78326E-4	4.78326E-4	1045.31154
596.59	1	0	-8.35606E-11	8.35606E-11	0
596.994	1	-1	-2.05358E-8	2.05358E-8	4.86954E7
597.301	1	0	2.60405E-10	2.60405E-10	0
597.608	1	0.5	4.78889E-4	4.78889E-4	1044.08372
598.003	1	0	-9.01925E-11	9.01925E-11	0
598.412	1	-1	-2.11273E-8	2.11273E-8	4.73322E7
598.718	1	0	2.43743E-10	2.43743E-10	0
599.026	1	0.5	4.79229E-4	4.79229E-4	1043.34341
599.429	1	0	-1.07518E-10	1.07518E-10	0
599.841	1	-1	-2.24168E-8	2.24168E-8	4.46095E7
600.147	1	0	2.45733E-10	2.45733E-10	0
600.455	1	0.5	4.79465E-4	4.79465E-4	1042.82812
600.858	1	0	-1.11953E-10	1.11953E-10	0
601.269	1	-1	-2.28317E-8	2.28317E-8	4.37988E7
601.576	1	0	2.45028E-10	2.45028E-10	0
601.884	1	0.5	4.79628E-4	4.79628E-4	1042.4748
602.287	1	0	-1.02835E-10	1.02835E-10	0
602.697	1	-1	-2.36522E-8	2.36522E-8	4.22795E7
603.003	1	0	2.38272E-10	2.38272E-10	0
603.312	1	0.5	4.79743E-4	4.79743E-4	1042.22534
603.714	1	0	-1.13363E-10	1.13363E-10	0
604.124	1	-1	-2.39975E-8	2.39975E-8	4.1671E7
604.428	1	0	2.46105E-10	2.46105E-10	0
604.737	1	0.5	4.79816E-4	4.79816E-4	1042.06699
605.14	1	0	-1.1187E-10	1.1187E-10	0
605.551	1	-1	-2.4652E-8	2.4652E-8	4.05647E7
605.862	1	0	2.34128E-10	2.34128E-10	0
606.167	1	0.5	4.79859E-4	4.79859E-4	1041.97361
606.57	1	0	-1.17217E-10	1.17217E-10	0
606.981	1	-1	-2.56693E-8	2.56693E-8	3.89571E7
607.291	1	0	2.38853E-10	2.38853E-10	0
607.597	1	0.5	4.79898E-4	4.79898E-4	1041.88742
607.999	1	0	-1.19912E-10	1.19912E-10	0
608.404	1	-1	-2.62622E-8	2.62622E-8	3.80775E7
608.71	1	0	2.43454E-10	2.43454E-10	0
609.018	1	1	0.00281	0.00281	355.29078
729.502	1	1	0.00281	0.00281	355.2952
729.801	1	0	-4.41392E-10	4.41392E-10	0
730.209	1	-3	-6.44341E-5	6.44341E-5	46559.18324
730.711	1	0	4.02773E-10	4.02773E-10	0
731.116	1	-1	-1.75677E-8	1.75677E-8	5.69226E7
731.422	1	0	2.71263E-10	2.71263E-10	0
731.73	1	-3	-5.90485E-5	5.90485E-5	50805.71944
732.225	1	0	5.26821E-10	5.26821E-10	0
732.629	1	-1	-1.29176E-8	1.29176E-8	7.74139E7
732.935	1	0	3.69947E-10	3.69947E-10	0
733.249	1	-3	-5.6576E-5	5.6576E-5	53026.03684
733.733	1	0	5.69095E-10	5.69095E-10	0
734.14	1	-1	-1.1166E-8	1.1166E-8	8.95576E7
734.446	1	0	3.92204E-10	3.92204E-10	0
734.754	1	-3	-5.48987E-5	5.48987E-5	54646.05296
735.248	1	0	5.93175E-10	5.93175E-10	0
735.653	1	-1	-1.01393E-8	1.01393E-8	9.86258E7
735.959	1	0	4.04265E-10	4.04265E-10	0
736.266	1	-3	-5.31829E-5	5.31829E-5	56409.10894
736.762	1	0	6.05403E-10	6.05403E-10	0
737.166	1	-1	-9.37352E-9	9.37352E-9	1.06684E8
737.473	1	0	4.26728E-10	4.26728E-10	0
737.781	1	-3	-5.24362E-5	5.24362E-5	57212.40563
738.276	1	0	6.32177E-10	6.32177E-10	0
738.68	1	-1	-8.73172E-9	8.73172E-9	1.14525E8
738.985	1	0	4.30624E-10	4.30624E-10	0
739.294	1	-3	-5.1744E-5	5.1744E-5	57977.71414
739.788	1	0	6.12697E-10	6.12697E-10	0
740.2	1	-1	-8.42476E-9	8.42476E-9	1.18698E8
740.505	1	0	4.42892E-10	4.42892E-10	0
740.813	1	-3	-5.09323E-5	5.09323E-5	58901.76481
741.307	1	0	6.41253E-10	6.41253E-10	0
741.712	1	-1	-7.98295E-9	7.98295E-9	1.25267E8
742.017	1	0	4.51223E-10	4.51223E-10	0
742.325	1	-3	-4.95435E-5	4.95435E-5	60552.8475
742.82	1	0	6.44819E-10	6.44819E-10	0
743.225	1	-1	-7.58681E-9	7.58681E-9	1.31808E8
743.531	1	0	4.46083E-10	4.46083E-10	0
743.839	1	-3	-5.02112E-5	5.02112E-5	59747.57843
744.333	1	0	6.50083E-10	6.50083E-10	0
744.738	1	-1	-7.56199E-9	7.56199E-9	1.3224E8
745.043	1	0	4.58227E-10	4.58227E-10	0
745.351	1	0.5	4.75368E-4	4.75368E-4	1051.81758
745.754	1	0	-1.89846E-11	1.89846E-11	0
746.166	1	-1	-1.05608E-8	1.05608E-8	9.46898E7
746.472	1	0	3.14451E-10	3.14451E-10	0
746.78	1	0.5	4.76972E-4	4.76972E-4	1048.27912
747.182	1	0	-6.64422E-11	6.64422E-11	0
747.594	1	-1	-1.18625E-8	1.18625E-8	8.4299E7
747.899	1	0	2.73461E-10	2.73461E-10	0
748.207	1	0.5	4.77833E-4	4.77833E-4	1046.39047
748.602	1	0	-8.62962E-11	8.62962E-11	0
749.011	1	-1	-1.29591E-8	1.29591E-8	7.7166E7
749.317	1	0	2.73709E-10	2.73709E-10	0
749.625	1	0.5	4.78378E-4	4.78378E-4	1045.19769
750.027	1	0	-9.11459E-11	9.11459E-11	0
750.439	1	-1	-1.359E-8	1.359E-8	7.35837E7
750.745	1	0	2.58249E-10	2.58249E-10	0
751.054	1	0.5	4.78776E-4	4.78776E-4	1044.32949
751.456	1	0	-9.57466E-11	9.57466E-11	0
751.867	1	-1	-1.48588E-8	1.48588E-8	6.73003E7
752.173	1	0	2.51536E-10	2.51536E-10	0
752.481	1	0.5	4.79081E-4	4.79081E-4	1043.66441
752.884	1	0	-1.00099E-10	1.00099E-10	0
753.296	1	-1	-1.56393E-8	1.56393E-8	6.39414E7
753.602	1	0	2.46976E-10	2.46976E-10	0
753.91	1	0.5	4.79312E-4	4.79312E-4	1043.16078
754.313	1	0	-9.64515E-11	9.64515E-11	0
754.719	1	-1	-1.60567E-8	1.60567E-8	6.22795E7
755.025	1	0	2.42997E-10	2.42997E-10	0
755.333	1	0.5	4.79483E-4	4.79483E-4	1042.78919
755.735	1	0	-1.08181E-10	1.08181E-10	0
756.14	1	-1	-1.69836E-8	1.69836E-8	5.88803E7
756.448	1	0	2.5025E-10	2.5025E-10	0
756.755	1	1	0.0028	0.0028	357.53896
757.33	1	0	-2.36011E-10	2.36011E-10	0
757.737	1	-1	-1.8428E-8	1.8428E-8	5.42652E7
758.044	1	0	2.06856E-10	2.06856E-10	0
758.351	1	0.5	4.79835E-4	4.79835E-4	1042.02399
758.754	1	0	-1.15186E-10	1.15186E-10	0
759.165	1	-1	-1.83838E-8	1.83838E-8	5.43956E7
759.472	1	0	2.35081E-10	2.35081E-10	0
759.78	1	1	0.00282	0.00282	355.18175
880.271	1	1	0.00282	0.00282	355.18212
880.579	1	0	-4.36459E-10	4.36459E-10	0
880.991	1	-4	-1.14647E-4	1.14647E-4	34889.64406
881.393	1	0	4.62952E-10	4.62952E-10	0
881.804	1	-1	-6.29054E-9	6.29054E-9	1.58969E8
882.109	1	0	2.93976E-10	2.93976E-10	0
882.417	1	-4	-1.05313E-4	1.05313E-4	37982.19585
882.819	1	0	6.20615E-10	6.20615E-10	0
883.238	1	-1	-5.17406E-9	5.17406E-9	1.93272E8
883.541	1	0	3.72061E-10	3.72061E-10	0
883.849	1	-4	-1.03057E-4	1.03057E-4	38813.47216
884.251	1	0	6.70433E-10	6.70433E-10	0
884.662	1	-1	-4.77576E-9	4.77576E-9	2.09391E8
884.968	1	0	4.10689E-10	4.10689E-10	0
885.277	1	-4	-9.81384E-5	9.81384E-5	40758.76102
885.764	1	0	7.84161E-10	7.84161E-10	0
886.172	1	-1	-4.36494E-9	4.36494E-9	2.29098E8
886.477	1	0	4.55534E-10	4.55534E-10	0
886.785	1	-4	-9.52563E-5	9.52563E-5	41991.97764
887.273	1	0	8.271E-10	8.271E-10	0
887.68	1	-1	-4.15657E-9	4.15657E-9	2.40583E8
887.986	1	0	4.72775E-10	4.72775E-10	0
888.293	1	-4	-9.35549E-5	9.35549E-5	42755.64858
888.781	1	0	8.33728E-10	8.33728E-10	0
889.188	1	-1	-3.98223E-9	3.98223E-9	2.51116E8
889.494	1	0	4.89063E-10	4.89063E-10	0
889.801	1	-4	-9.13279E-5	9.13279E-5	43798.24034
890.296	1	0	8.41728E-10	8.41728E-10	0
890.701	1	-1	-3.85216E-9	3.85216E-9	2.59594E8
891.007	1	0	5.04483E-10	5.04483E-10	0
891.314	1	-4	-9.13567E-5	9.13567E-5	43784.39949
891.809	1	0	8.69084E-10	8.69084E-10	0
892.214	1	-1	-3.77175E-9	3.77175E-9	2.65129E8
892.52	1	0	5.06554E-10	5.06554E-10	0
892.827	1	-4	-8.96819E-5	8.96819E-5	44602.08805
893.322	1	0	8.59802E-10	8.59802E-10	0
893.727	1	-1	-3.69291E-9	3.69291E-9	2.70789E8
894.033	1	0	5.12272E-10	5.12272E-10	0
894.347	1	-4	-8.89386E-5	8.89386E-5	44974.8377
894.84	1	0	8.76752E-10	8.76752E-10	0
895.245	1	-1	-3.60741E-9	3.60741E-9	2.77208E8
895.551	1	0	5.1762E-10	5.1762E-10	0
895.859	1	0.5	4.71867E-4	4.71867E-4	1059.62106
896.261	1	0	1.88973E-11	1.88973E-11	0
896.677	1	-1	-4.59535E-9	4.59535E-9	2.17611E8
896.982	1	0	3.38489E-10	3.38489E-10	0
897.294	1	0.5	4.73971E-4	4.73971E-4	1054.91619
897.695	1	0	-4.43497E-11	4.43497E-11	0
898.107	1	-1	-5.08403E-9	5.08403E-9	1.96694E8
898.414	1	0	2.93811E-10	2.93811E-10	0
898.721	1	0.5	4.75109E-4	4.75109E-4	1052.38942
899.124	1	0	-8.06178E-11	8.06178E-11	0
899.53	1	-1	-5.42384E-9	5.42384E-9	1.84371E8
899.837	1	0	2.80796E-10	2.80796E-10	0
900.144	1	0.5	4.7588E-4	4.7588E-4	1050.68394
900.541	1	0	-8.93637E-11	8.93637E-11	0
900.949	1	-1	-5.70269E-9	5.70269E-9	1.75356E8
901.263	1	0	2.63388E-10	2.63388E-10	0
901.569	1	0.5	4.76434E-4	4.76434E-4	1049.46352
901.972	1	0	-9.07728E-11	9.07728E-11	0
902.384	1	-1	-5.99864E-9	5.99864E-9	1.66705E8
902.691	1	0	2.5941E-10	2.5941E-10	0
902.999	1	0.5	4.76882E-4	4.76882E-4	1048.47762
903.403	1	0	-1.06938E-10	1.06938E-10	0
903.808	1	-1	-6.28114E-9	6.28114E-9	1.59207E8
904.115	1	0	2.52405E-10	2.52405E-10	0
904.422	1	0.5	4.77234E-4	4.77234E-4	1047.70428
904.825	1	0	-9.68659E-11	9.68659E-11	0
905.23	1	-1	-6.42317E-9	6.42317E-9	1.55686E8
905.537	1	0	2.47639E-10	2.47639E-10	0
905.845	1	0.5	4.77517E-4	4.77517E-4	1047.0827
906.247	1	0	-9.31354E-11	9.31354E-11	0
906.665	1	-1	-6.65236E-9	6.65236E-9	1.50323E8
906.972	1	0	2.48137E-10	2.48137E-10	0
907.277	1	0.5	4.77763E-4	4.77763E-4	1046.54312
907.68	1	0	-1.10876E-10	1.10876E-10	0
908.092	1	-1	-6.89322E-9	6.89322E-9	1.4507E8
908.396	1	0	2.46685E-10	2.46685E-10	0
908.704	1	0.5	4.7797E-4	4.7797E-4	1046.09185
909.107	1	0	-9.1519E-11	9.1519E-11	0
909.52	1	-1	-7.03035E-9	7.03035E-9	1.42241E8
909.826	1	0	2.43536E-10	2.43536E-10	0
910.134	1	1	0.00282	0.00282	355.20975
1030.627	1	1	0.00282	0.00282	355.2061
1030.935	1	0	-4.44376E-10	4.44376E-10	0
1031.346	1	-2	-1.25545E-5	1.25545E-5	159305.55522
1031.849	1	0	2.12783E-10	2.12783E-10	0
1032.254	1	-1	-3.82195E-8	3.82195E-8	2.61646E7
1032.559	1	0	2.31227E-10	2.31227E-10	0
1032.867	1	-2	-1.06142E-5	1.06142E-5	188426.11435
1033.362	1	0	3.40189E-10	3.40189E-10	0
1033.767	1	-1	-2.86344E-8	2.86344E-8	3.4923E7
1034.074	1	0	3.07944E-10	3.07944E-10	0
1034.389	1	-2	-9.49383E-6	9.49383E-6	210663.22471
1034.972	1	0	4.01985E-10	4.01985E-10	0
1035.38	1	-1	-2.3582E-8	2.3582E-8	4.24052E7
1035.686	1	0	3.4367E-10	3.4367E-10	0
1035.994	1	-2	-8.48602E-6	8.48602E-6	235681.80034
1036.492	1	0	3.83417E-10	3.83417E-10	0
1036.898	1	-1	-2.12029E-8	2.12029E-8	4.71633E7
1037.204	1	0	3.54529E-10	3.54529E-10	0
1037.511	1	-2	-8.0149E-6	8.0149E-6	249535.11608
1038.017	1	0	4.01405E-10	4.01405E-10	0
1038.436	1	-1	-2.0224E-8	2.0224E-8	4.94461E7
1038.741	1	0	3.57347E-10	3.57347E-10	0
1039.049	1	-2	-7.90035E-6	7.90035E-6	253153.43744
1039.548	1	0	4.0675E-10	4.0675E-10	0
1039.954	1	-1	-1.86248E-8	1.86248E-8	5.36918E7
1040.26	1	0	3.78609E-10	3.78609E-10	0
1040.569	1	-2	-7.73448E-6	7.73448E-6	258582.3147
1041.068	1	0	4.13797E-10	4.13797E-10	0
1041.475	1	-1	-1.82043E-8	1.82043E-8	5.49321E7
1041.781	1	0	3.85158E-10	3.85158E-10	0
1042.088	1	-2	-7.55167E-6	7.55167E-6	264842.11636
1042.586	1	0	4.20552E-10	4.20552E-10	0
1042.991	1	-1	-1.73719E-8	1.73719E-8	5.75643E7
1043.297	1	0	3.90256E-10	3.90256E-10	0
1043.605	1	-2	-7.19834E-6	7.19834E-6	277841.99015
1044.103	1	0	4.25236E-10	4.25236E-10	0
1044.508	1	-1	-1.63334E-8	1.63334E-8	6.12241E7
1044.814	1	0	3.94359E-10	3.94359E-10	0
1045.122	1	-2	-7.06959E-6	7.06959E-6	282901.83731
1045.619	1	0	4.29215E-10	4.29215E-10	0
1046.031	1	-1	-1.57428E-8	1.57428E-8	6.35213E7
1046.335	1	0	3.93156E-10	3.93156E-10	0
1046.643	1	0.1	1.11984E-8	1.11984E-8	8.92988E6
1046.954	1	0	1.55816E-11	1.55816E-11	0
1047.257	1	-1	-1.82928E-8	1.82928E-8	5.46663E7
1047.564	1	0	3.1014E-10	3.1014E-10	0
1047.871	1	0.1	1.12268E-8	1.12268E-8	8.90729E6
1048.176	1	0	-1.43012E-11	1.43012E-11	0
1048.481	1	-1	-1.91931E-8	1.91931E-8	5.2102E7
1048.795	1	0	2.86516E-10	2.86516E-10	0
1049.102	1	0.1	1.12487E-8	1.12487E-8	8.8899E6
1049.406	1	0	-2.39167E-11	2.39167E-11	0
1049.724	1	-1	-1.97246E-8	1.97246E-8	5.06981E7
1050.031	1	0	2.77274E-10	2.77274E-10	0
1050.339	1	0.1	1.12668E-8	1.12668E-8	8.87563E6
1050.643	1	0	-3.19987E-11	3.19987E-11	0
1050.949	1	-1	-2.03501E-8	2.03501E-8	4.91398E7
1051.262	1	0	2.76071E-10	2.76071E-10	0
1051.567	1	0.1	1.127E-8	1.127E-8	8.87315E6
1051.872	1	0	-4.25261E-11	4.25261E-11	0
1052.178	1	-1	-2.061E-8	2.061E-8	4.85201E7
1052.496	1	0	2.73791E-10	2.73791E-10	0
1052.809	1	0.1	1.12863E-8	1.12863E-8	8.86033E6
1053.112	1	0	-4.22359E-11	4.22359E-11	0
1053.419	1	-1	-2.11431E-8	2.11431E-8	4.72967E7
1053.725	1	0	2.73916E-10	2.73916E-10	0
1054.033	1	0.1	1.12905E-8	1.12905E-8	8.85704E6
1054.337	1	0	-4.03708E-11	4.03708E-11	0
1054.643	1	-1	-2.12046E-8	2.12046E-8	4.71596E7
1054.949	1	0	2.65253E-10	2.65253E-10	0
1055.257	1	0.1	1.1273E-8	1.1273E-8	8.87075E6
1055.561	1	0	-4.97381E-11	4.97381E-11	0
1055.867	1	-1	-2.15285E-8	2.15285E-8	4.64501E7
1056.173	1	0	2.78475E-10	2.78475E-10	0
1056.481	1	0.1	1.12756E-8	1.12756E-8	8.86875E6
1056.787	1	0	-4.14484E-11	4.14484E-11	0
1057.09	1	-1	-2.154E-8	2.154E-8	4.64254E7
1057.397	1	0	2.70725E-10	2.70725E-10	0
1057.706	1	0.1	1.1275E-8	1.1275E-8	8.8692E6
1058.012	1	0	-3.56045E-11	3.56045E-11	0
1058.316	1	-1	-2.20358E-8	2.20358E-8	4.53806E7
1058.624	1	0	2.68113E-10	2.68113E-10	0
1058.932	1	1	0.00282	0.00282	354.92193
1179.419	1	1	0.00282	0.00282	354.92798
1179.727	1	0	-4.5706E-10	4.5706E-10	0
1180.133	1	-3	-6.11335E-5	6.11335E-5	49072.93055
1180.635	1	0	3.75543E-10	3.75543E-10	0
1181.047	1	-1	-1.79073E-8	1.79073E-8	5.58433E7
1181.353	1	0	2.84858E-10	2.84858E-10	0
1181.662	1	-3	-5.64904E-5	5.64904E-5	53106.33091
1182.156	1	0	5.37184E-10	5.37184E-10	0
1182.561	1	-1	-1.35015E-8	1.35015E-8	7.40658E7
1182.867	1	0	3.64559E-10	3.64559E-10	0
1183.175	1	-3	-5.47652E-5	5.47652E-5	54779.2624
1183.67	1	0	5.58651E-10	5.58651E-10	0
1184.083	1	-1	-1.18096E-8	1.18096E-8	8.4677E7
1184.388	1	0	3.84495E-10	3.84495E-10	0
1184.696	1	-3	-5.36661E-5	5.36661E-5	55901.26346
1185.191	1	0	6.04989E-10	6.04989E-10	0
1185.597	1	-1	-1.04834E-8	1.04834E-8	9.53891E7
1185.903	1	0	4.13466E-10	4.13466E-10	0
1186.211	1	-3	-5.18255E-5	5.18255E-5	57886.60631
1186.706	1	0	6.07724E-10	6.07724E-10	0
1187.112	1	-1	-9.78446E-9	9.78446E-9	1.02203E8
1187.418	1	0	4.19641E-10	4.19641E-10	0
1187.726	1	-3	-5.10078E-5	5.10078E-5	58814.49966
1188.22	1	0	6.21733E-10	6.21733E-10	0
1188.634	1	-1	-9.152E-9	9.152E-9	1.09266E8
1188.938	1	0	4.32406E-10	4.32406E-10	0
1189.247	1	-3	-5.10988E-5	5.10988E-5	58709.7706
1189.742	1	0	6.22727E-10	6.22727E-10	0
1190.147	1	-1	-8.80327E-9	8.80327E-9	1.13594E8
1190.452	1	0	4.45006E-10	4.45006E-10	0
1190.76	1	-3	-4.9371E-5	4.9371E-5	60764.37943
1191.255	1	0	6.17216E-10	6.17216E-10	0
1191.675	1	-1	-8.3032E-9	8.3032E-9	1.20436E8
1191.979	1	0	4.38292E-10	4.38292E-10	0
1192.287	1	-3	-4.82548E-5	4.82548E-5	62169.96813
1192.782	1	0	6.42621E-10	6.42621E-10	0
1193.187	1	-1	-8.01479E-9	8.01479E-9	1.24769E8
1193.493	1	0	4.38582E-10	4.38582E-10	0
1193.801	1	-3	-4.84307E-5	4.84307E-5	61944.19282
1194.296	1	0	6.46643E-10	6.46643E-10	0
1194.701	1	-1	-7.85115E-9	7.85115E-9	1.2737E8
1195.007	1	0	4.52674E-10	4.52674E-10	0
1195.315	1	0.1	1.09609E-8	1.09609E-8	9.12337E6
1195.62	1	0	5.36293E-11	5.36293E-11	0
1195.926	1	-1	-9.58069E-9	9.58069E-9	1.04377E8
1196.233	1	0	3.25061E-10	3.25061E-10	0
1196.54	1	0.1	1.10111E-8	1.10111E-8	9.08171E6
1196.845	1	0	4.88847E-12	4.88847E-12	0
1197.15	1	-1	-1.02396E-8	1.02396E-8	9.76601E7
1197.463	1	0	3.07736E-10	3.07736E-10	0
1197.771	1	0.1	1.10542E-8	1.10542E-8	9.04637E6
1198.075	1	0	-2.1803E-11	2.1803E-11	0
1198.381	1	-1	-1.09936E-8	1.09936E-8	9.09623E7
1198.687	1	0	3.0152E-10	3.0152E-10	0
1198.995	1	0.1	1.11031E-8	1.11031E-8	9.00646E6
1199.3	1	0	-1.41353E-11	1.41353E-11	0
1199.605	1	-1	-1.14743E-8	1.14743E-8	8.71513E7
1199.911	1	0	2.84775E-10	2.84775E-10	0
1200.219	1	0.1	1.11147E-8	1.11147E-8	8.99707E6
1200.524	1	0	-2.7564E-11	2.7564E-11	0
1200.829	1	-1	-1.20026E-8	1.20026E-8	8.33152E7
1201.136	1	0	2.68362E-10	2.68362E-10	0
1201.443	1	0.1	1.11222E-8	1.11222E-8	8.99103E6
1201.749	1	0	-3.82156E-11	3.82156E-11	0
1202.054	1	-1	-1.21438E-8	1.21438E-8	8.23465E7
1202.367	1	0	2.7487E-10	2.7487E-10	0
1202.674	1	0.1	1.11466E-8	1.11466E-8	8.97137E6
1202.98	1	0	-3.9832E-11	3.9832E-11	0
1203.286	1	-1	-1.25972E-8	1.25972E-8	7.93825E7
1203.592	1	0	2.82495E-10	2.82495E-10	0
1203.901	1	0.1	1.11609E-8	1.11609E-8	8.95982E6
1204.206	1	0	-3.53973E-11	3.53973E-11	0
1204.512	1	-1	-1.26161E-8	1.26161E-8	7.9264E7
1204.818	1	0	2.72921E-10	2.72921E-10	0
1205.126	1	1	0.0028	0.0028	357.32497
1205.715	1	0	-2.19265E-10	2.19265E-10	0
1206.121	1	-1	-1.56443E-8	1.56443E-8	6.39211E7
1206.427	1	0	2.13446E-10	2.13446E-10	0
1206.735	1	0.1	1.11844E-8	1.11844E-8	8.94106E6
1207.04	1	0	-6.03906E-11	6.03906E-11	0
1207.345	1	-1	-1.52978E-8	1.52978E-8	6.5369E7
1207.651	1	0	2.49215E-10	2.49215E-10	0
1207.959	1	1	0.00282	0.00282	354.85732
1328.451	1	1	0.00282	0.00282	354.85783
1328.76	1	0	-4.55112E-10	4.55112E-10	0
1329.166	1	-4	-1.1435E-4	1.1435E-4	34980.41534
1329.568	1	0	4.78619E-10	4.78619E-10	0
1329.974	1	-1	-6.54193E-9	6.54193E-9	1.5286E8
1330.279	1	0	2.88174E-10	2.88174E-10	0
1330.587	1	-4	-1.08185E-4	1.08185E-4	36973.59993
1330.989	1	0	6.30893E-10	6.30893E-10	0
1331.394	1	-1	-5.43093E-9	5.43093E-9	1.84131E8
1331.7	1	0	3.81884E-10	3.81884E-10	0
1332.008	1	-4	-1.03791E-4	1.03791E-4	38538.94987
1332.409	1	0	7.0073E-10	7.0073E-10	0
1332.816	1	-1	-5.01718E-9	5.01718E-9	1.99315E8
1333.122	1	0	4.16367E-10	4.16367E-10	0
1333.43	1	-4	-1.00169E-4	1.00169E-4	39932.55392
1333.832	1	0	7.16894E-10	7.16894E-10	0
1334.237	1	-1	-4.64901E-9	4.64901E-9	2.15099E8
1334.543	1	0	4.30458E-10	4.30458E-10	0
1334.852	1	-4	-9.74599E-5	9.74599E-5	41042.52108
1335.339	1	0	8.14457E-10	8.14457E-10	0
1335.746	1	-1	-4.33173E-9	4.33173E-9	2.30855E8
1336.051	1	0	4.7004E-10	4.7004E-10	0
1336.359	1	-4	-9.5098E-5	9.5098E-5	42061.89071
1336.846	1	0	8.23824E-10	8.23824E-10	0
1337.254	1	-1	-4.16013E-9	4.16013E-9	2.40377E8
1337.561	1	0	4.85292E-10	4.85292E-10	0
1337.868	1	-4	-9.34249E-5	9.34249E-5	42815.1244
1338.355	1	0	8.39699E-10	8.39699E-10	0
1338.763	1	-1	-3.99259E-9	3.99259E-9	2.50464E8
1339.069	1	0	4.9296E-10	4.9296E-10	0
1339.377	1	-4	-9.21903E-5	9.21903E-5	43388.5315
1339.864	1	0	8.44923E-10	8.44923E-10	0
1340.272	1	-1	-3.89319E-9	3.89319E-9	2.56859E8
1340.578	1	0	5.00378E-10	5.00378E-10	0
1340.885	1	-4	-9.06492E-5	9.06492E-5	44126.14296
1341.379	1	0	8.59759E-10	8.59759E-10	0
1341.792	1	-1	-3.77681E-9	3.77681E-9	2.64774E8
1342.097	1	0	5.06057E-10	5.06057E-10	0
1342.403	1	-4	-9.0314E-5	9.0314E-5	44289.91202
1342.898	1	0	8.56275E-10	8.56275E-10	0
1343.312	1	-1	-3.73474E-9	3.73474E-9	2.67756E8
1343.617	1	0	5.17496E-10	5.17496E-10	0
1343.925	1	0.1	1.06002E-8	1.06002E-8	9.43378E6
1344.229	1	0	9.53658E-11	9.53658E-11	0
1344.536	1	-1	-4.33087E-9	4.33087E-9	2.30901E8
1344.854	1	0	3.72516E-10	3.72516E-10	0
1345.161	1	0.1	1.06698E-8	1.06698E-8	9.37225E6
1345.466	1	0	2.34564E-11	2.34564E-11	0
1345.786	1	-1	-4.64795E-9	4.64795E-9	2.15149E8
1346.091	1	0	3.10347E-10	3.10347E-10	0
1346.399	1	0.1	1.07336E-8	1.07336E-8	9.31653E6
1346.705	1	0	-5.59748E-12	5.59748E-12	0
1347.01	1	-1	-4.88019E-9	4.88019E-9	2.0491E8
1347.316	1	0	2.94846E-10	2.94846E-10	0
1347.624	1	0.1	1.0781E-8	1.0781E-8	9.27554E6
1347.928	1	0	-2.39167E-11	2.39167E-11	0
1348.234	1	-1	-5.04292E-9	5.04292E-9	1.98298E8
1348.548	1	0	3.00691E-10	3.00691E-10	0
1348.855	1	0.1	1.08262E-8	1.08262E-8	9.23686E6
1349.159	1	0	-2.50772E-11	2.50772E-11	0
1349.465	1	-1	-5.21779E-9	5.21779E-9	1.91652E8
1349.771	1	0	2.99405E-10	2.99405E-10	0
1350.079	1	0.1	1.08546E-8	1.08546E-8	9.21268E6
1350.384	1	0	-2.76468E-11	2.76468E-11	0
1350.69	1	-1	-5.27279E-9	5.27279E-9	1.89653E8
1350.996	1	0	2.82039E-10	2.82039E-10	0
1351.303	1	0.1	1.08741E-8	1.08741E-8	9.19615E6
1351.608	1	0	-3.40296E-11	3.40296E-11	0
1351.913	1	-1	-5.43597E-9	5.43597E-9	1.8396E8
1352.219	1	0	2.80589E-10	2.80589E-10	0
1352.527	1	0.1	1.0889E-8	1.0889E-8	9.18358E6
1352.832	1	0	-3.58118E-11	3.58118E-11	0
1353.137	1	-1	-5.50308E-9	5.50308E-9	1.81716E8
1353.442	1	0	2.81791E-10	2.81791E-10	0
1353.75	1	0.1	1.09137E-8	1.09137E-8	9.1628E6
1354.056	1	0	-3.46927E-11	3.46927E-11	0
1354.361	1	-1	-5.60744E-9	5.60744E-9	1.78334E8
1354.667	1	0	2.77687E-10	2.77687E-10	0
1354.976	1	0.1	1.09255E-8	1.09255E-8	9.15291E6
1355.281	1	0	-3.95005E-11	3.95005E-11	0
1355.586	1	-1	-5.6797E-9	5.6797E-9	1.76066E8
1355.893	1	0	2.78559E-10	2.78559E-10	0
1356.2	1	1	0.00282	0.00282	354.90657
1476.683	1	1	0.00282	0.00282	354.90997
1476.992	1	0	-4.54117E-10	4.54117E-10	0