-0.5	0	-5.2214E-4	5.2214E-4
-0.5	1	-4.4582E-5	4.4582E-5
-0.5	2	-1.3178E-5	1.3178E-5
-0.5	3	-6.9063E-6	6.9063E-6
-0.5	4	-4.6792E-6	4.6792E-6
-0.5	5	-3.5469E-6	3.5469E-6
-0.5	6	-2.7814E-6	2.7814E-6
-0.5	7	-2.3111E-6	2.3111E-6
-0.5	8	-1.9582E-6	1.9582E-6
-0.5	9	-1.68E-6	1.68E-6
-0.5	10	-1.4836E-6	1.4836E-6
-0.5	11	-1.3289E-6	1.3289E-6
-0.5	12	-1.1858E-6	1.1858E-6
-0.5	13	-1.0776E-6	1.0776E-6
-0.5	14	-9.224E-7	9.224E-7
-0.5	15	-8.5892E-7	8.5892E-7
-0.5	16	-7.8816E-7	7.8816E-7
-0.5	17	-7.2334E-7	7.2334E-7
-0.5	18	-6.8042E-7	6.8042E-7
-0.5	19	-6.3372E-7	6.3372E-7
-0.5	20	-6.0022E-7	6.0022E-7
-0.5	21	-5.5944E-7	5.5944E-7
-0.5	22	-5.2874E-7	5.2874E-7
-0.5	23	-5.077E-7	5.077E-7
-0.5	24	-4.7456E-7	4.7456E-7
-0.5	25	-4.5372E-7	4.5372E-7
-0.5	26	-4.353E-7	4.353E-7
-0.5	27	-4.1664E-7	4.1664E-7
-0.5	28	-3.9298E-7	3.9298E-7
-0.5	29	-3.8176E-7	3.8176E-7
-0.5	30	-3.6232E-7	3.6232E-7
-0.5	31	-3.5302E-7	3.5302E-7
-0.5	32	-3.3636E-7	3.3636E-7
-0.5	33	-3.2436E-7	3.2436E-7
-0.5	34	-3.1414E-7	3.1414E-7
-0.5	35	-3.011E-7	3.011E-7
-0.5	36	-2.9134E-7	2.9134E-7
-0.5	37	-2.8506E-7	2.8506E-7
-0.5	38	-2.7526E-7	2.7526E-7
-0.5	39	-2.6668E-7	2.6668E-7
-0.5	40	-2.5752E-7	2.5752E-7
-0.5	41	-2.5256E-7	2.5256E-7
-0.5	42	-2.4408E-7	2.4408E-7
-0.5	43	-2.3652E-7	2.3652E-7
-0.5	44	-2.3148E-7	2.3148E-7
-0.5	45	-2.2434E-7	2.2434E-7
-0.5	46	-2.196E-7	2.196E-7
-0.5	47	-2.1334E-7	2.1334E-7
-0.5	48	-2.071E-7	2.071E-7
-0.5	49	-2.0324E-7	2.0324E-7
-0.5	50	-1.9834E-7	1.9834E-7
-0.5	51	-1.9434E-7	1.9434E-7
-0.5	52	-1.9262E-7	1.9262E-7
-0.5	53	-1.8486E-7	1.8486E-7
-0.5	54	-1.8174E-7	1.8174E-7
-0.5	55	-1.7908E-7	1.7908E-7
-0.5	56	-1.7616E-7	1.7616E-7
-0.5	57	-1.7144E-7	1.7144E-7
-0.5	58	-1.6756E-7	1.6756E-7
-0.5	59	-1.6414E-7	1.6414E-7
-0.5	60	-1.622E-7	1.622E-7
-0.5	61	-1.5742E-7	1.5742E-7
-0.5	62	-1.5774E-7	1.5774E-7
-0.5	63	-1.561E-7	1.561E-7
-0.5	64	-1.5154E-7	1.5154E-7
-0.5	65	-1.4884E-7	1.4884E-7
-0.5	66	-1.4516E-7	1.4516E-7
-0.5	67	-1.4256E-7	1.4256E-7
-0.5	68	-1.4094E-7	1.4094E-7
-0.5	69	-1.389E-7	1.389E-7
-0.5	70	-1.3732E-7	1.3732E-7
-0.5	71	-1.3484E-7	1.3484E-7
-0.5	72	-1.331E-7	1.331E-7
-0.5	73	-1.2934E-7	1.2934E-7
-0.5	74	-1.2772E-7	1.2772E-7
-0.5	75	-1.2742E-7	1.2742E-7
-0.5	76	-1.2484E-7	1.2484E-7
-0.5	77	-1.2368E-7	1.2368E-7
-0.5	78	-1.2166E-7	1.2166E-7
-0.5	79	-1.2028E-7	1.2028E-7
-0.5	80	-1.2016E-7	1.2016E-7
-0.5	81	-1.1564E-7	1.1564E-7
-0.5	82	-1.136E-7	1.136E-7
-0.5	83	-1.1292E-7	1.1292E-7
-0.5	84	-1.1272E-7	1.1272E-7
-0.5	85	-1.1006E-7	1.1006E-7
-0.5	86	-1.09E-7	1.09E-7
-0.5	87	-1.0866E-7	1.0866E-7
-0.5	88	-1.0676E-7	1.0676E-7
-0.5	89	-1.0518E-7	1.0518E-7
-0.5	90	-1.0286E-7	1.0286E-7
-0.5	91	-1.032E-7	1.032E-7
-0.5	92	-1.0248E-7	1.0248E-7
-0.5	93	-1.01E-7	1.01E-7
-0.5	94	-1E-7	1E-7
-0.5	95	-9.95E-8	9.95E-8
-0.5	96	-9.25136E-8	9.25136E-8
-0.5	97	-9.07654E-8	9.07654E-8
-0.5	98	-9.0139E-8	9.0139E-8
-0.5	99	-8.92942E-8	8.92942E-8
-0.5	100	-8.79548E-8	8.79548E-8
-0.5	101	-2.7961E-6	2.7961E-6
-0.5	102	-5.3171E-6	5.3171E-6
-0.5	103	-7.5106E-6	7.5106E-6
-0.5	104	-1.0718E-5	1.0718E-5
-0.5	105	-1.2676E-5	1.2676E-5
-0.5	106	-1.441E-5	1.441E-5
-0.5	107	-1.5852E-5	1.5852E-5
-0.5	108	-1.7158E-5	1.7158E-5
-0.5	109	-1.8432E-5	1.8432E-5
-0.5	110	-1.9664E-5	1.9664E-5
-0.5	111	-2.0744E-5	2.0744E-5
-0.5	112	-2.151E-5	2.151E-5
-0.5	113	-2.2396E-5	2.2396E-5
-0.5	114	-2.347E-5	2.347E-5
-0.5	115	-2.423E-5	2.423E-5
-0.5	116	-2.4824E-5	2.4824E-5
-0.5	117	-2.5482E-5	2.5482E-5
-0.5	118	-2.6114E-5	2.6114E-5
-0.5	119	-2.6856E-5	2.6856E-5
-0.5	120	-2.7552E-5	2.7552E-5
-0.5	121	-2.8102E-5	2.8102E-5
-0.5	122	-2.8498E-5	2.8498E-5
-0.5	123	-2.8988E-5	2.8988E-5
-0.5	124	-2.9588E-5	2.9588E-5
-0.5	125	-3.0018E-5	3.0018E-5
-0.5	126	-3.0404E-5	3.0404E-5
-0.5	127	-3.077E-5	3.077E-5
-0.5	128	-3.0992E-5	3.0992E-5
-0.5	129	-3.151E-5	3.151E-5
-0.5	130	-3.1902E-5	3.1902E-5
-0.5	131	-3.2304E-5	3.2304E-5
-0.5	132	-3.2516E-5	3.2516E-5
-0.5	133	-3.2764E-5	3.2764E-5
-0.5	134	-3.316E-5	3.316E-5
-0.5	135	-3.3494E-5	3.3494E-5
-0.5	136	-3.3732E-5	3.3732E-5
-0.5	137	-3.3954E-5	3.3954E-5
-0.5	138	-3.3968E-5	3.3968E-5
-0.5	139	-3.4298E-5	3.4298E-5
-0.5	140	-3.4734E-5	3.4734E-5
-0.5	141	-3.5094E-5	3.5094E-5
-0.5	142	-3.5278E-5	3.5278E-5
-0.5	143	-3.547E-5	3.547E-5
-0.5	144	-3.5462E-5	3.5462E-5
-0.5	145	-3.582E-5	3.582E-5
-0.5	146	-3.6078E-5	3.6078E-5
-0.5	147	-3.6182E-5	3.6182E-5
-0.5	148	-3.6238E-5	3.6238E-5
-0.5	149	-3.6566E-5	3.6566E-5
-0.5	150	-3.6756E-5	3.6756E-5
-0.5	151	-3.6958E-5	3.6958E-5
-0.5	152	-3.716E-5	3.716E-5
-0.5	153	-3.7006E-5	3.7006E-5
-0.5	154	-3.7002E-5	3.7002E-5
-0.5	155	-3.7138E-5	3.7138E-5
-0.5	156	-3.7328E-5	3.7328E-5
-0.5	157	-3.7728E-5	3.7728E-5
-0.5	158	-3.7816E-5	3.7816E-5
-0.5	159	-3.7822E-5	3.7822E-5
-0.5	160	-3.8154E-5	3.8154E-5
-0.5	161	-3.8238E-5	3.8238E-5
-0.5	162	-3.848E-5	3.848E-5
-0.5	163	-3.8444E-5	3.8444E-5
-0.5	164	-3.869E-5	3.869E-5
-0.5	165	-3.8708E-5	3.8708E-5
-0.5	166	-3.8656E-5	3.8656E-5
-0.5	167	-3.8988E-5	3.8988E-5
-0.5	168	-3.8922E-5	3.8922E-5
-0.5	169	-3.8898E-5	3.8898E-5
-0.5	170	-3.9112E-5	3.9112E-5
-0.5	171	-3.9126E-5	3.9126E-5
-0.5	172	-3.945E-5	3.945E-5
-0.5	173	-3.9538E-5	3.9538E-5
-0.5	174	-3.944E-5	3.944E-5
-0.5	175	-3.9548E-5	3.9548E-5
-0.5	176	-3.9678E-5	3.9678E-5
-0.5	177	-3.959E-5	3.959E-5
-0.5	178	-3.9722E-5	3.9722E-5
-0.5	179	-3.9892E-5	3.9892E-5
-0.5	180	-4.0084E-5	4.0084E-5
-0.5	181	-4.0184E-5	4.0184E-5
-0.5	182	-4.03E-5	4.03E-5
-0.5	183	-4.0268E-5	4.0268E-5
-0.5	184	-4.0248E-5	4.0248E-5
-0.5	185	-4.0354E-5	4.0354E-5
-0.5	186	-4.0424E-5	4.0424E-5
-0.5	187	-4.0518E-5	4.0518E-5
-0.5	188	-4.0656E-5	4.0656E-5
-0.5	189	-4.063E-5	4.063E-5
-0.5	190	-4.069E-5	4.069E-5
-0.5	191	-4.0542E-5	4.0542E-5
-0.5	192	-4.0866E-5	4.0866E-5
-0.5	193	-4.065E-5	4.065E-5
-0.5	194	-4.102E-5	4.102E-5
-0.5	195	-4.098E-5	4.098E-5
-0.5	196	-4.08E-5	4.08E-5
-0.5	197	-4.089E-5	4.089E-5
-0.5	198	-4.0888E-5	4.0888E-5
-0.5	199	-4.1118E-5	4.1118E-5
-0.5	200	-4.1256E-5	4.1256E-5