0.3	0	2.5126E-4	2.5126E-4
0.3	1	2.96E-5	2.96E-5
0.3	2	1.039E-5	1.039E-5
0.3	3	6.5825E-6	6.5825E-6
0.3	4	4.5617E-6	4.5617E-6
0.3	5	3.4623E-6	3.4623E-6
0.3	6	2.7764E-6	2.7764E-6
0.3	7	2.3064E-6	2.3064E-6
0.3	8	1.9695E-6	1.9695E-6
0.3	9	1.7043E-6	1.7043E-6
0.3	10	1.5013E-6	1.5013E-6
0.3	11	1.3458E-6	1.3458E-6
0.3	12	1.2118E-6	1.2118E-6
0.3	13	1.1011E-6	1.1011E-6
0.3	14	1.013E-6	1.013E-6
0.3	15	1.03144E-6	1.03144E-6
0.3	16	9.691E-7	9.691E-7
0.3	17	9.0814E-7	9.0814E-7
0.3	18	8.5374E-7	8.5374E-7
0.3	19	8.0384E-7	8.0384E-7
0.3	20	7.5694E-7	7.5694E-7
0.3	21	7.1646E-7	7.1646E-7
0.3	22	6.8024E-7	6.8024E-7
0.3	23	6.4754E-7	6.4754E-7
0.3	24	6.1838E-7	6.1838E-7
0.3	25	5.8962E-7	5.8962E-7
0.3	26	5.6596E-7	5.6596E-7
0.3	27	5.423E-7	5.423E-7
0.3	28	5.1946E-7	5.1946E-7
0.3	29	4.9896E-7	4.9896E-7
0.3	30	4.827E-7	4.827E-7
0.3	31	4.649E-7	4.649E-7
0.3	32	4.4736E-7	4.4736E-7
0.3	33	4.3256E-7	4.3256E-7
0.3	34	4.1876E-7	4.1876E-7
0.3	35	4.0626E-7	4.0626E-7
0.3	36	3.9246E-7	3.9246E-7
0.3	37	3.8306E-7	3.8306E-7
0.3	38	3.7096E-7	3.7096E-7
0.3	39	3.6208E-7	3.6208E-7
0.3	40	3.5182E-7	3.5182E-7
0.3	41	3.4204E-7	3.4204E-7
0.3	42	3.3454E-7	3.3454E-7
0.3	43	3.2562E-7	3.2562E-7
0.3	44	3.1842E-7	3.1842E-7
0.3	45	3.096E-7	3.096E-7
0.3	46	3.0268E-7	3.0268E-7
0.3	47	2.9572E-7	2.9572E-7
0.3	48	2.889E-7	2.889E-7
0.3	49	2.8386E-7	2.8386E-7
0.3	50	2.7908E-7	2.7908E-7
0.3	51	2.7118E-7	2.7118E-7
0.3	52	2.681E-7	2.681E-7
0.3	53	2.6286E-7	2.6286E-7
0.3	54	2.5628E-7	2.5628E-7
0.3	55	2.5238E-7	2.5238E-7
0.3	56	2.474E-7	2.474E-7
0.3	57	2.4248E-7	2.4248E-7
0.3	58	2.3892E-7	2.3892E-7
0.3	59	2.3502E-7	2.3502E-7
0.3	60	2.3236E-7	2.3236E-7
0.3	61	2.2716E-7	2.2716E-7
0.3	62	2.2214E-7	2.2214E-7
0.3	63	2.1896E-7	2.1896E-7
0.3	64	2.1518E-7	2.1518E-7
0.3	65	2.1288E-7	2.1288E-7
0.3	66	2.0992E-7	2.0992E-7
0.3	67	2.0624E-7	2.0624E-7
0.3	68	2.0266E-7	2.0266E-7
0.3	69	2.0024E-7	2.0024E-7
0.3	70	1.9748E-7	1.9748E-7
0.3	71	1.9586E-7	1.9586E-7
0.3	72	1.9256E-7	1.9256E-7
0.3	73	1.9042E-7	1.9042E-7
0.3	74	1.8784E-7	1.8784E-7
0.3	75	1.8466E-7	1.8466E-7
0.3	76	1.8314E-7	1.8314E-7
0.3	77	1.8028E-7	1.8028E-7
0.3	78	1.7782E-7	1.7782E-7
0.3	79	1.7672E-7	1.7672E-7
0.3	80	1.738E-7	1.738E-7
0.3	81	1.7192E-7	1.7192E-7
0.3	82	1.6992E-7	1.6992E-7
0.3	83	1.6774E-7	1.6774E-7
0.3	84	1.672E-7	1.672E-7
0.3	85	1.6448E-7	1.6448E-7
0.3	86	1.625E-7	1.625E-7
0.3	87	1.6168E-7	1.6168E-7
0.3	88	1.5918E-7	1.5918E-7
0.3	89	1.5808E-7	1.5808E-7
0.3	90	1.5638E-7	1.5638E-7
0.3	91	1.5402E-7	1.5402E-7
0.3	92	1.5374E-7	1.5374E-7
0.3	93	1.516E-7	1.516E-7
0.3	94	1.503E-7	1.503E-7
0.3	95	1.4866E-7	1.4866E-7
0.3	96	1.485E-7	1.485E-7
0.3	97	1.4606E-7	1.4606E-7
0.3	98	1.4448E-7	1.4448E-7
0.3	99	1.44E-7	1.44E-7
0.3	100	1.425E-7	1.425E-7
0.3	101	3.3863E-6	3.3863E-6
0.3	102	6.1423E-6	6.1423E-6
0.3	103	8.444E-6	8.444E-6
0.3	104	1.02783E-5	1.02783E-5
0.3	105	1.144E-5	1.144E-5
0.3	106	1.279E-5	1.279E-5
0.3	107	1.401E-5	1.401E-5
0.3	108	1.5142E-5	1.5142E-5
0.3	109	1.6164E-5	1.6164E-5
0.3	110	1.6888E-5	1.6888E-5
0.3	111	1.7628E-5	1.7628E-5
0.3	112	1.8578E-5	1.8578E-5
0.3	113	1.9334E-5	1.9334E-5
0.3	114	2.0054E-5	2.0054E-5
0.3	115	2.0668E-5	2.0668E-5
0.3	116	2.1222E-5	2.1222E-5
0.3	117	2.178E-5	2.178E-5
0.3	118	2.1928E-5	2.1928E-5
0.3	119	2.2698E-5	2.2698E-5
0.3	120	2.338E-5	2.338E-5
0.3	121	2.38E-5	2.38E-5
0.3	122	2.4192E-5	2.4192E-5
0.3	123	2.4714E-5	2.4714E-5
0.3	124	2.4988E-5	2.4988E-5
0.3	125	2.5534E-5	2.5534E-5
0.3	126	2.5838E-5	2.5838E-5
0.3	127	2.6172E-5	2.6172E-5
0.3	128	2.6364E-5	2.6364E-5
0.3	129	2.748E-5	2.748E-5
0.3	130	2.7232E-5	2.7232E-5
0.3	131	2.7466E-5	2.7466E-5
0.3	132	2.7746E-5	2.7746E-5
0.3	133	2.8058E-5	2.8058E-5
0.3	134	2.903E-5	2.903E-5
0.3	135	2.8724E-5	2.8724E-5
0.3	136	2.8306E-5	2.8306E-5
0.3	137	2.906E-5	2.906E-5
0.3	138	2.9312E-5	2.9312E-5
0.3	139	3.0254E-5	3.0254E-5
0.3	140	2.9302E-5	2.9302E-5
0.3	141	2.957E-5	2.957E-5
0.3	142	3.0658E-5	3.0658E-5
0.3	143	3.0036E-5	3.0036E-5
0.3	144	3.0406E-5	3.0406E-5
0.3	145	3.1506E-5	3.1506E-5
0.3	146	3.1032E-5	3.1032E-5
0.3	147	3.1702E-5	3.1702E-5
0.3	148	3.1386E-5	3.1386E-5
0.3	149	3.1416E-5	3.1416E-5
0.3	150	3.1102E-5	3.1102E-5
0.3	151	3.249E-5	3.249E-5
0.3	152	3.16E-5	3.16E-5
0.3	153	3.2096E-5	3.2096E-5
0.3	154	3.2418E-5	3.2418E-5
0.3	155	3.2482E-5	3.2482E-5
0.3	156	3.2064E-5	3.2064E-5
0.3	157	3.3356E-5	3.3356E-5
0.3	158	3.2862E-5	3.2862E-5
0.3	159	3.3462E-5	3.3462E-5
0.3	160	3.3278E-5	3.3278E-5
0.3	161	3.3084E-5	3.3084E-5
0.3	162	3.4212E-5	3.4212E-5
0.3	163	3.3572E-5	3.3572E-5
0.3	164	3.3468E-5	3.3468E-5
0.3	165	3.376E-5	3.376E-5
0.3	166	3.3322E-5	3.3322E-5
0.3	167	3.465E-5	3.465E-5
0.3	168	3.4086E-5	3.4086E-5
0.3	169	3.4886E-5	3.4886E-5
0.3	170	3.3864E-5	3.3864E-5
0.3	171	3.4336E-5	3.4336E-5
0.3	172	3.3838E-5	3.3838E-5
0.3	173	3.4546E-5	3.4546E-5
0.3	174	3.4666E-5	3.4666E-5
0.3	175	3.5068E-5	3.5068E-5
0.3	176	3.4182E-5	3.4182E-5
0.3	177	3.6202E-5	3.6202E-5
0.3	178	3.4544E-5	3.4544E-5
0.3	179	3.4244E-5	3.4244E-5
0.3	180	3.369E-5	3.369E-5
0.3	181	3.4342E-5	3.4342E-5
0.3	182	3.4228E-5	3.4228E-5
0.3	183	3.5012E-5	3.5012E-5
0.3	184	3.4332E-5	3.4332E-5
0.3	185	3.4854E-5	3.4854E-5
0.3	186	3.4466E-5	3.4466E-5
0.3	187	3.3996E-5	3.3996E-5
0.3	188	3.5184E-5	3.5184E-5
0.3	189	3.474E-5	3.474E-5
0.3	190	3.4546E-5	3.4546E-5
0.3	191	3.5096E-5	3.5096E-5
0.3	192	3.4796E-5	3.4796E-5
0.3	193	3.4748E-5	3.4748E-5
0.3	194	3.4788E-5	3.4788E-5
0.3	195	3.4984E-5	3.4984E-5
0.3	196	3.4902E-5	3.4902E-5
0.3	197	3.5646E-5	3.5646E-5
0.3	198	3.5092E-5	3.5092E-5
0.3	199	3.7032E-5	3.7032E-5
0.3	200	3.5328E-5	3.5328E-5