time	V(pre)	R1	Ix(U1:TE)	R2	R3	R4
0.000000000000000e+000	1.000000e+000	1.558241e+002	6.417492e-003	1.558241e+002	1.558241e+002	1.558241e+002
1.018400617501527e-001	1.000000e+000	1.558242e+002	6.417487e-003	1.558242e+002	1.558242e+002	1.558242e+002
2.042400617535520e-001	1.000000e+000	1.558244e+002	6.417481e-003	1.558244e+002	1.558244e+002	1.558244e+002
3.066400617569514e-001	1.000000e+000	1.558245e+002	6.417476e-003	1.558245e+002	1.558245e+002	1.558245e+002
4.090400617603507e-001	1.000000e+000	1.558246e+002	6.417470e-003	1.558246e+002	1.558246e+002	1.558246e+002
5.114400617637500e-001	1.000000e+000	1.558248e+002	6.417464e-003	1.558248e+002	1.558248e+002	1.558248e+002
6.138400617671493e-001	1.000000e+000	1.558249e+002	6.417458e-003	1.558249e+002	1.558249e+002	1.558249e+002
7.162400617705487e-001	1.000000e+000	1.558251e+002	6.417453e-003	1.558251e+002	1.558251e+002	1.558251e+002
8.186400617739480e-001	1.000000e+000	1.558252e+002	6.417448e-003	1.558252e+002	1.558252e+002	1.558252e+002
9.210400617773473e-001	1.000000e+000	1.558253e+002	6.417442e-003	1.558253e+002	1.558253e+002	1.558253e+002
1.000000000000000e+000	1.000000e+000	1.558254e+002	6.417438e-003	1.558254e+002	1.558254e+002	1.558254e+002
1.000000099999994e+000	6.100000e-001	2.359617e+002	2.585165e-003	2.359617e+002	2.359617e+002	2.359617e+002
1.000000299999996e+000	-1.700000e-001	4.826618e+001	-3.522134e-003	4.826618e+001	4.826618e+001	4.826618e+001
1.000000700000001e+000	-1.730000e+000	5.861551e+000	-2.951437e-001	5.861551e+000	5.861551e+000	5.861551e+000
1.000000999999998e+000	-2.900000e+000	2.919781e+000	-9.932252e-001	2.919781e+000	2.919781e+000	2.919781e+000
1.000001080000004e+000	-2.988000e+000	2.166309e+000	-1.379304e+000	2.166309e+000	2.166309e+000	2.166309e+000
1.000001240000003e+000	-3.164000e+000	1.123744e+000	-2.815587e+000	1.123744e+000	1.123744e+000	1.123744e+000
1.000001560000001e+000	-3.516000e+000	3.029032e-001	-1.160767e+001	3.029032e-001	3.029032e-001	3.029032e-001
1.000001999999995e+000	-4.000000e+000	1.153358e-001	-3.468134e+001	1.153358e-001	1.153358e-001	1.153358e-001
1.000002064000000e+000	-4.000000e+000	1.153358e-001	-3.468133e+001	1.153358e-001	1.153358e-001	1.153358e-001
1.000003983999989e+000	-4.000000e+000	1.153360e-001	-3.468129e+001	1.153360e-001	1.153360e-001	1.153360e-001
1.020233008000332e+000	-4.000000e+000	1.168189e-001	-3.424102e+001	1.168115e-001	1.168115e-001	1.168115e-001
1.122633008003731e+000	-4.000000e+000	1.249518e-001	-3.201235e+001	1.249433e-001	1.249433e-001	1.249433e-001
1.225033008007131e+000	-4.000000e+000	1.343017e-001	-2.978369e+001	1.342919e-001	1.342919e-001	1.342919e-001
1.327433008010530e+000	-4.000000e+000	1.451641e-001	-2.755502e+001	1.451526e-001	1.451526e-001	1.451526e-001
1.429833008013929e+000	-4.000000e+000	1.579383e-001	-2.532635e+001	1.579247e-001	1.579247e-001	1.579247e-001
1.532233008017329e+000	-4.000000e+000	1.731775e-001	-2.309769e+001	1.731612e-001	1.731612e-001	1.731612e-001
1.634633008020728e+000	-4.000000e+000	1.916717e-001	-2.086902e+001	1.916517e-001	1.916517e-001	1.916517e-001
1.737033008024127e+000	-4.000000e+000	2.145882e-001	-1.864035e+001	2.145631e-001	2.145631e-001	2.145631e-001
1.839433008027527e+000	-4.000000e+000	2.437287e-001	-1.641169e+001	2.436964e-001	2.436964e-001	2.436964e-001
1.941833008030926e+000	-4.000000e+000	2.820274e-001	-1.418302e+001	2.819841e-001	2.819841e-001	2.819841e-001
2.000000999999998e+000	-4.000000e+000	3.096686e-001	-1.291703e+001	3.096686e-001	3.096686e-001	3.096686e-001
2.000001099999992e+000	-3.610000e+000	5.834261e-001	-6.187588e+000	5.834261e-001	5.834261e-001	5.834261e-001
2.000001299999994e+000	-2.830000e+000	2.066119e+000	-1.369718e+000	2.066119e+000	2.066119e+000	2.066119e+000
2.000001699999999e+000	-1.270000e+000	1.977691e+001	-6.421631e-002	1.977691e+001	1.977691e+001	1.977691e+001
2.000001999999995e+000	-1.000000e-001	4.795136e+003	-2.085447e-005	4.795136e+003	4.795136e+003	4.795136e+003
2.042865760000993e+000	-1.000000e-001	4.795137e+003	-2.085446e-005	4.795137e+003	4.795137e+003	4.795137e+003
2.145265760004392e+000	-1.000000e-001	4.795137e+003	-2.085446e-005	4.795137e+003	4.795137e+003	4.795137e+003
2.247665760007791e+000	-1.000000e-001	4.795137e+003	-2.085446e-005	4.795137e+003	4.795137e+003	4.795137e+003
2.350065760011191e+000	-1.000000e-001	4.795137e+003	-2.085446e-005	4.795137e+003	4.795137e+003	4.795137e+003
2.400000000000006e+000	-1.000000e-001	4.795137e+003	-2.085447e-005	4.795137e+003	4.795137e+003	4.795137e+003
2.400000100000000e+000	-4.900000e-001	1.224810e+003	-4.000621e-004	1.224810e+003	1.224810e+003	1.224810e+003
2.400000300000002e+000	-1.270000e+000	2.529707e+001	-5.020345e-002	2.529707e+001	2.529707e+001	2.529707e+001
2.400000700000007e+000	-2.830000e+000	7.372521e-001	-3.838578e+000	7.372521e-001	7.372521e-001	7.372521e-001
2.400001000000003e+000	-4.000000e+000	3.096689e-001	-1.291702e+001	3.096689e-001	3.096689e-001	3.096689e-001
2.450664760001260e+000	-4.000000e+000	3.385710e-001	-1.181436e+001	3.385087e-001	3.385087e-001	3.385087e-001
2.553064760004659e+000	-4.000000e+000	4.172885e-001	-9.585693e+000	4.171938e-001	4.171938e-001	4.171938e-001
2.607164760006455e+000	-4.000000e+000	4.757236e-001	-8.408243e+000	4.757236e-001	4.757236e-001	4.757236e-001
2.655464760008059e+000	-4.000000e+000	5.381326e-001	-7.433112e+000	5.379972e-001	5.379972e-001	5.379972e-001
2.707364760009781e+000	-4.000000e+000	6.121751e-001	-6.534079e+000	6.120250e-001	6.120250e-001	6.120250e-001
2.757864760011458e+000	-4.000000e+000	6.919369e-001	-5.780874e+000	6.917708e-001	6.917708e-001	6.917708e-001
2.813164760013294e+000	-4.000000e+000	7.890197e-001	-5.069582e+000	7.888343e-001	7.888343e-001	7.888343e-001
2.860264760014857e+000	-4.000000e+000	8.806256e-001	-4.542225e+000	8.804218e-001	8.804218e-001	8.804218e-001
2.918264760016783e+000	-4.000000e+000	1.006011e+000	-3.976102e+000	1.005782e+000	1.005782e+000	1.005782e+000
2.962664760018257e+000	-4.000000e+000	1.112381e+000	-3.595889e+000	1.112131e+000	1.112131e+000	1.112131e+000
3.022964760020258e+000	-4.000000e+000	1.272950e+000	-3.142307e+000	1.272385e+000	1.272385e+000	1.272385e+000
3.065064760021656e+000	-4.000000e+000	1.397200e+000	-2.862868e+000	1.396892e+000	1.396892e+000	1.396892e+000
3.127064760023714e+000	-4.000000e+000	1.600496e+000	-2.499226e+000	1.600147e+000	1.600147e+000	1.600147e+000
3.167464760025055e+000	-4.000000e+000	1.747316e+000	-2.289226e+000	1.746937e+000	1.746937e+000	1.746937e+000
3.230964760027163e+000	-4.000000e+000	2.003667e+000	-1.996339e+000	2.003237e+000	2.003237e+000	2.003237e+000
3.269864760028455e+000	-4.000000e+000	2.177703e+000	-1.836797e+000	2.177238e+000	2.177238e+000	2.177238e+000
3.334564760030602e+000	-4.000000e+000	2.499147e+000	-1.600546e+000	2.498617e+000	2.498617e+000	2.498617e+000
3.372264760031854e+000	-4.000000e+000	2.706686e+000	-1.477822e+000	2.706115e+000	2.706115e+000	2.706115e+000
3.400001000000003e+000	-4.000000e+000	2.869746e+000	-1.393852e+000	2.869746e+000	2.869746e+000	2.869746e+000
3.400001099999997e+000	-3.610000e+000	5.404418e+000	-6.679720e-001	5.404418e+000	5.404418e+000	5.404418e+000
3.400001300000000e+000	-2.830000e+000	1.911458e+001	-1.480545e-001	1.911458e+001	1.911458e+001	1.911458e+001
3.400001700000004e+000	-1.270000e+000	1.823120e+002	-6.966078e-003	1.823120e+002	1.823120e+002	1.823120e+002
3.400002000000001e+000	-1.000000e-001	4.267644e+004	-2.343213e-006	4.267644e+004	4.267644e+004	4.267644e+004
3.472965760001998e+000	-1.000000e-001	4.267644e+004	-2.343213e-006	4.267644e+004	4.267644e+004	4.267644e+004
3.575365760005397e+000	-1.000000e-001	4.267644e+004	-2.343213e-006	4.267644e+004	4.267644e+004	4.267644e+004
3.677765760008796e+000	-1.000000e-001	4.267644e+004	-2.343213e-006	4.267644e+004	4.267644e+004	4.267644e+004
3.780165760012196e+000	-1.000000e-001	4.267644e+004	-2.343213e-006	4.267644e+004	4.267644e+004	4.267644e+004
3.800000000000011e+000	-1.000000e-001	4.267644e+004	-2.343214e-006	4.267644e+004	4.267644e+004	4.267644e+004
3.800000100000005e+000	-4.900000e-001	1.108197e+004	-4.421598e-005	1.108197e+004	1.108197e+004	1.108197e+004
3.800000300000008e+000	-1.270000e+000	2.331774e+002	-5.446496e-003	2.331774e+002	2.331774e+002	2.331774e+002
3.800000699999998e+000	-2.830000e+000	6.830888e+000	-4.142946e-001	6.830888e+000	6.830888e+000	6.830888e+000
3.800000999999995e+000	-4.000000e+000	2.869749e+000	-1.393850e+000	2.869749e+000	2.869749e+000	2.869749e+000
3.865864759999440e+000	-4.000000e+000	3.295408e+000	-1.213810e+000	3.295408e+000	3.295408e+000	3.295408e+000
3.880764759999934e+000	-4.000000e+000	3.399767e+000	-1.176551e+000	3.399056e+000	3.399056e+000	3.399056e+000
3.947264760002142e+000	-4.000000e+000	3.905516e+000	-1.024192e+000	3.904704e+000	3.904704e+000	3.904704e+000
3.983164760003334e+000	-4.000000e+000	4.207893e+000	-9.505945e-001	4.207020e+000	4.207020e+000	4.207020e+000
4.050264760005561e+000	-4.000000e+000	4.834746e+000	-8.273444e-001	4.833748e+000	4.833748e+000	4.833748e+000
4.085564760006733e+000	-4.000000e+000	5.199844e+000	-7.692538e-001	5.198773e+000	5.198773e+000	5.198773e+000
4.153264760008980e+000	-4.000000e+000	5.976196e+000	-6.693221e-001	5.974970e+000	5.974970e+000	5.974970e+000
4.187964760010132e+000	-4.000000e+000	6.416555e+000	-6.233875e-001	6.415241e+000	6.415241e+000	6.415241e+000
4.256164760012396e+000	-4.000000e+000	7.375638e+000	-5.423260e-001	7.374135e+000	7.374135e+000	7.374135e+000
4.290364760013532e+000	-4.000000e+000	7.907601e+000	-5.058424e-001	7.905993e+000	7.905993e+000	7.905993e+000
4.358964760015809e+000	-4.000000e+000	9.089241e+000	-4.400807e-001	9.087400e+000	9.087400e+000	9.087400e+000
4.392764760016931e+000	-4.000000e+000	9.732797e+000	-4.109815e-001	9.730829e+000	9.730829e+000	9.730829e+000
4.461764760019221e+000	-4.000000e+000	1.118665e+001	-3.575690e-001	1.118440e+001	1.118440e+001	1.118440e+001
4.495164760020330e+000	-4.000000e+000	1.196396e+001	-3.343375e-001	1.196155e+001	1.196155e+001	1.196155e+001
4.564464760022631e+000	-4.000000e+000	1.374701e+001	-2.909724e-001	1.374426e+001	1.374426e+001	1.374426e+001
4.597564760023730e+000	-4.000000e+000	1.468678e+001	-2.723537e-001	1.468385e+001	1.468385e+001	1.468385e+001
4.667264760026043e+000	-4.000000e+000	1.687252e+001	-2.370719e-001	1.686917e+001	1.686917e+001	1.686917e+001
4.699964760027129e+000	-4.000000e+000	1.800278e+001	-2.221878e-001	1.799922e+001	1.799922e+001	1.799922e+001
4.770064760029456e+000	-4.000000e+000	2.067554e+001	-1.934653e-001	2.067147e+001	2.067147e+001	2.067147e+001
4.800000999999995e+000	-4.000000e+000	2.192906e+001	-1.824064e-001	2.192906e+001	2.192906e+001	2.192906e+001
4.800001099999989e+000	-3.610000e+000	4.116844e+001	-8.768854e-002	4.116844e+001	4.116844e+001	4.116844e+001
4.800001299999991e+000	-2.830000e+000	1.442433e+002	-1.961963e-002	1.442433e+002	1.442433e+002	1.442433e+002
4.800001699999996e+000	-1.270000e+000	1.340656e+003	-9.472971e-004	1.340656e+003	1.340656e+003	1.340656e+003
4.800001999999992e+000	-1.000000e-001	2.518231e+005	-3.971043e-007	2.518231e+005	2.518231e+005	2.518231e+005
4.800665759999589e+000	-1.000000e-001	2.518231e+005	-3.971042e-007	2.518231e+005	2.518231e+005	2.518231e+005
4.903065760002988e+000	-1.000000e-001	2.518231e+005	-3.971042e-007	2.518231e+005	2.518231e+005	2.518231e+005
5.005465760006388e+000	-1.000000e-001	2.518231e+005	-3.971042e-007	2.518231e+005	2.518231e+005	2.518231e+005
5.107865760009787e+000	-1.000000e-001	2.518231e+005	-3.971042e-007	2.518231e+005	2.518231e+005	2.518231e+005
5.200000000000003e+000	-1.000000e-001	2.518231e+005	-3.971043e-007	2.518231e+005	2.518231e+005	2.518231e+005
5.200000099999997e+000	-4.900000e-001	7.200101e+004	-6.805460e-006	7.200101e+004	7.200101e+004	7.200101e+004
5.200000299999999e+000	-1.270000e+000	1.713560e+003	-7.411469e-004	1.713560e+003	1.713560e+003	1.713560e+003
5.200000700000004e+000	-2.830000e+000	5.212190e+001	-5.429579e-002	5.212190e+001	5.212190e+001	5.212190e+001
5.200001000000000e+000	-4.000000e+000	2.192908e+001	-1.824062e-001	2.192908e+001	2.192908e+001	2.192908e+001
5.208464759999856e+000	-4.000000e+000	2.229643e+001	-1.794009e-001	2.229205e+001	2.229205e+001	2.229205e+001
5.278964760002197e+000	-4.000000e+000	2.559210e+001	-1.562982e-001	2.558712e+001	2.558712e+001	2.558712e+001
5.310864760003256e+000	-4.000000e+000	2.723054e+001	-1.468939e-001	2.722526e+001	2.722526e+001	2.722526e+001
5.381764760005609e+000	-4.000000e+000	3.123303e+001	-1.280695e-001	3.122702e+001	3.122702e+001	3.122702e+001
5.413264760006655e+000	-4.000000e+000	3.318281e+001	-1.205444e-001	3.317644e+001	3.317644e+001	3.317644e+001
5.484764760009028e+000	-4.000000e+000	3.803671e+001	-1.051616e-001	3.802949e+001	3.802949e+001	3.802949e+001
5.515664760010054e+000	-4.000000e+000	4.033105e+001	-9.917917e-002	4.032342e+001	4.032342e+001	4.032342e+001
5.587664760012444e+000	-4.000000e+000	4.617743e+001	-8.662240e-002	4.616880e+001	4.616880e+001	4.616880e+001
5.618064760013454e+000	-4.000000e+000	4.886931e+001	-8.185097e-002	4.886022e+001	4.886022e+001	4.886022e+001
5.690864760015870e+000	-4.000000e+000	5.589717e+001	-7.155997e-002	5.588694e+001	5.588694e+001	5.588694e+001
5.720464760016853e+000	-4.000000e+000	5.900227e+001	-6.779400e-002	5.899153e+001	5.899153e+001	5.899153e+001
5.794064760019296e+000	-4.000000e+000	6.738606e+001	-5.935946e-002	6.737400e+001	6.737400e+001	6.737400e+001
5.822864760020252e+000	-4.000000e+000	7.093609e+001	-5.638878e-002	7.092349e+001	7.092349e+001	7.092349e+001
5.897464760022729e+000	-4.000000e+000	8.087601e+001	-4.945842e-002	8.086195e+001	8.086195e+001	8.086195e+001
5.925264760023651e+000	-4.000000e+000	8.486480e+001	-4.713380e-002	8.485016e+001	8.485016e+001	8.485016e+001
6.001064760026168e+000	-4.000000e+000	9.655821e+001	-4.142579e-002	9.654197e+001	9.654197e+001	9.654197e+001
6.027664760027051e+000	-4.000000e+000	1.009519e+002	-3.962281e-002	1.009351e+002	1.009351e+002	1.009351e+002
6.104964760029617e+000	-4.000000e+000	1.145955e+002	-3.490540e-002	1.145770e+002	1.145770e+002	1.145770e+002
6.130064760030450e+000	-4.000000e+000	1.193081e+002	-3.352664e-002	1.192890e+002	1.192890e+002	1.192890e+002
6.200001000000000e+000	-4.000000e+000	1.331695e+002	-3.003691e-002	1.331695e+002	1.331695e+002	1.331695e+002
6.200001099999994e+000	-3.610000e+000	2.455212e+002	-1.470342e-002	2.455212e+002	2.455212e+002	2.455212e+002
6.200001299999997e+000	-2.830000e+000	8.165639e+002	-3.465742e-003	8.165639e+002	8.165639e+002	8.165639e+002
6.200001700000001e+000	-1.270000e+000	6.674188e+003	-1.902853e-004	6.674188e+003	6.674188e+003	6.674188e+003
6.200001999999998e+000	-1.000000e-001	6.564587e+005	-1.523325e-007	6.564587e+005	6.564587e+005	6.564587e+005
6.230765760000594e+000	-1.000000e-001	6.564587e+005	-1.523325e-007	6.564587e+005	6.564587e+005	6.564587e+005
6.333165760003993e+000	-1.000000e-001	6.564587e+005	-1.523325e-007	6.564587e+005	6.564587e+005	6.564587e+005
6.435565760007393e+000	-1.000000e-001	6.564587e+005	-1.523325e-007	6.564587e+005	6.564587e+005	6.564587e+005
6.537965760010792e+000	-1.000000e-001	6.564587e+005	-1.523325e-007	6.564587e+005	6.564587e+005	6.564587e+005
6.600000000000009e+000	-1.000000e-001	6.564586e+005	-1.523326e-007	6.564586e+005	6.564586e+005	6.564586e+005
6.600000100000003e+000	-4.900000e-001	2.333161e+005	-2.100156e-006	2.333161e+005	2.333161e+005	2.333161e+005
6.600000300000005e+000	-1.270000e+000	8.504538e+003	-1.493320e-004	8.504538e+003	8.504538e+003	8.504538e+003
6.600000699999995e+000	-2.830000e+000	3.138527e+002	-9.016967e-003	3.138527e+002	3.138527e+002	3.138527e+002
6.600000999999992e+000	-4.000000e+000	1.331696e+002	-3.003688e-002	1.331696e+002	1.331696e+002	1.331696e+002
6.638564759998531e+000	-4.000000e+000	1.412682e+002	-2.831494e-002	1.412468e+002	1.412468e+002	1.412468e+002
6.719864760001229e+000	-4.000000e+000	1.593687e+002	-2.509904e-002	1.593456e+002	1.593456e+002	1.593456e+002
6.740964760001930e+000	-4.000000e+000	1.642856e+002	-2.434785e-002	1.642621e+002	1.642621e+002	1.642621e+002
6.824864760004715e+000	-4.000000e+000	1.846665e+002	-2.166067e-002	1.846414e+002	1.846414e+002	1.846414e+002
6.843364760005329e+000	-4.000000e+000	1.893274e+002	-2.112742e-002	1.893020e+002	1.893020e+002	1.893020e+002
6.930264760008214e+000	-4.000000e+000	2.119247e+002	-1.887462e-002	2.118981e+002	2.118981e+002	2.118981e+002
6.945764760008728e+000	-4.000000e+000	2.160640e+002	-1.851303e-002	2.160372e+002	2.160372e+002	2.160372e+002
7.036364760011736e+000	-4.000000e+000	2.407724e+002	-1.661320e-002	2.407447e+002	2.407447e+002	2.407447e+002
7.048164760012128e+000	-4.000000e+000	2.440429e+002	-1.639056e-002	2.440152e+002	2.440152e+002	2.440152e+002
7.143064760015278e+000	-4.000000e+000	2.706033e+002	-1.478179e-002	2.705751e+002	2.705751e+002	2.705751e+002
7.150564760015527e+000	-4.000000e+000	2.727135e+002	-1.466740e-002	2.726854e+002	2.726854e+002	2.726854e+002
7.250564760018847e+000	-4.000000e+000	3.007977e+002	-1.329797e-002	3.007698e+002	3.007698e+002	3.007698e+002
7.252964760018926e+000	-4.000000e+000	3.014679e+002	-1.326841e-002	3.014400e+002	3.014400e+002	3.014400e+002
7.355364760022326e+000	-4.000000e+000	3.296909e+002	-1.213258e-002	3.296638e+002	3.296638e+002	3.296638e+002
7.457764760025725e+000	-4.000000e+000	3.568120e+002	-1.121039e-002	3.567862e+002	3.567862e+002	3.567862e+002
7.560164760029124e+000	-4.000000e+000	3.823489e+002	-1.046165e-002	3.823249e+002	3.823249e+002	3.823249e+002
7.600000999999992e+000	-4.000000e+000	3.917728e+002	-1.021000e-002	3.917728e+002	3.917728e+002	3.917728e+002
7.600001099999986e+000	-3.610000e+000	6.933900e+002	-5.206306e-003	6.933900e+002	6.933900e+002	6.933900e+002
7.600001299999988e+000	-2.830000e+000	2.075183e+003	-1.363735e-003	2.075183e+003	2.075183e+003	2.075183e+003
7.600001699999993e+000	-1.270000e+000	1.383744e+004	-9.177997e-005	1.383744e+004	1.383744e+004	1.383744e+004
7.600001999999989e+000	-1.000000e-001	8.300004e+005	-1.204819e-007	8.300004e+005	8.300004e+005	8.300004e+005
7.660865760001585e+000	-1.000000e-001	8.300005e+005	-1.204819e-007	8.300005e+005	8.300005e+005	8.300005e+005
7.763265760004984e+000	-1.000000e-001	8.300005e+005	-1.204819e-007	8.300005e+005	8.300005e+005	8.300005e+005
7.865665760008383e+000	-1.000000e-001	8.300005e+005	-1.204819e-007	8.300005e+005	8.300005e+005	8.300005e+005
7.968065760011783e+000	-1.000000e-001	8.300005e+005	-1.204819e-007	8.300005e+005	8.300005e+005	8.300005e+005
8.000000000000000e+000	-1.000000e-001	8.300005e+005	-1.204819e-007	8.300005e+005	8.300005e+005	8.300005e+005
8.000000099999994e+000	-4.900000e-001	3.293270e+005	-1.487883e-006	3.293270e+005	3.293270e+005	3.293270e+005
8.000000299999996e+000	-1.270000e+000	1.756016e+004	-7.232279e-005	1.756016e+004	1.756016e+004	1.756016e+004
8.000000700000001e+000	-2.830000e+000	9.055680e+002	-3.125110e-003	9.055680e+002	9.055680e+002	9.055680e+002
8.000000999999998e+000	-4.000000e+000	3.917730e+002	-1.021000e-002	3.917730e+002	3.917730e+002	3.917730e+002
8.068664760001852e+000	-4.000000e+000	4.072756e+002	-9.821360e-003	4.072537e+002	4.072537e+002	4.072537e+002
8.171064760005251e+000	-4.000000e+000	4.285470e+002	-9.333866e-003	4.285273e+002	4.285273e+002	4.285273e+002
8.273464760008650e+000	-4.000000e+000	4.475247e+002	-8.938054e-003	4.475073e+002	4.475073e+002	4.475073e+002
8.375864760012050e+000	-4.000000e+000	4.642160e+002	-8.616679e-003	4.642007e+002	4.642007e+002	4.642007e+002
8.478264760015449e+000	-4.000000e+000	4.787127e+002	-8.355743e-003	4.786995e+002	4.786995e+002	4.786995e+002
8.580664760018848e+000	-4.000000e+000	4.911665e+002	-8.143879e-003	4.911552e+002	4.911552e+002	4.911552e+002
8.683064760022248e+000	-4.000000e+000	5.017652e+002	-7.971857e-003	5.017557e+002	5.017557e+002	5.017557e+002
8.785464760025647e+000	-4.000000e+000	5.107132e+002	-7.832184e-003	5.107052e+002	5.107052e+002	5.107052e+002
8.887864760029046e+000	-4.000000e+000	5.182168e+002	-7.718777e-003	5.182101e+002	5.182101e+002	5.182101e+002
8.990264760032446e+000	-4.000000e+000	5.244734e+002	-7.626697e-003	5.244679e+002	5.244679e+002	5.244679e+002
9.000000999999998e+000	-4.000000e+000	5.250102e+002	-7.618899e-003	5.250102e+002	5.250102e+002	5.250102e+002
9.000001099999992e+000	-3.610000e+000	9.104284e+002	-3.965166e-003	9.104284e+002	9.104284e+002	9.104284e+002
9.000001299999980e+000	-2.830000e+000	2.598638e+003	-1.089032e-003	2.598638e+003	2.598638e+003	2.598638e+003
9.000001699999984e+000	-1.270000e+000	1.609496e+004	-7.890671e-005	1.609496e+004	1.609496e+004	1.609496e+004
9.000001999999995e+000	-1.000000e-001	8.597016e+005	-1.163195e-007	8.597016e+005	8.597016e+005	8.597016e+005
9.090965760002604e+000	-1.000000e-001	8.597016e+005	-1.163194e-007	8.597016e+005	8.597016e+005	8.597016e+005
9.193365760006003e+000	-1.000000e-001	8.597016e+005	-1.163194e-007	8.597016e+005	8.597016e+005	8.597016e+005
9.295765760009402e+000	-1.000000e-001	8.597016e+005	-1.163194e-007	8.597016e+005	8.597016e+005	8.597016e+005
9.398165760012802e+000	-1.000000e-001	8.597016e+005	-1.163194e-007	8.597016e+005	8.597016e+005	8.597016e+005
9.400000000000006e+000	-1.000000e-001	8.597016e+005	-1.163195e-007	8.597016e+005	8.597016e+005	8.597016e+005
9.400000100000000e+000	-4.900000e-001	3.480442e+005	-1.407867e-006	3.480442e+005	3.480442e+005	3.480442e+005
9.400000299999988e+000	-1.270000e+000	2.039874e+004	-6.225875e-005	2.039874e+004	2.039874e+004	2.039874e+004
9.400000699999993e+000	-2.830000e+000	1.201634e+003	-2.355127e-003	1.201634e+003	1.201634e+003	1.201634e+003
9.400001000000003e+000	-4.000000e+000	5.250102e+002	-7.618899e-003	5.250102e+002	5.250102e+002	5.250102e+002
9.498764760002871e+000	-4.000000e+000	5.299452e+002	-7.547951e-003	5.299406e+002	5.299406e+002	5.299406e+002
9.601164760006270e+000	-4.000000e+000	5.341884e+002	-7.487995e-003	5.341847e+002	5.341847e+002	5.341847e+002
9.703564760009670e+000	-4.000000e+000	5.376841e+002	-7.439313e-003	5.376810e+002	5.376810e+002	5.376810e+002
9.805964760013069e+000	-4.000000e+000	5.405562e+002	-7.399786e-003	5.405536e+002	5.405536e+002	5.405536e+002
9.908364760016468e+000	-4.000000e+000	5.429108e+002	-7.367692e-003	5.429088e+002	5.429088e+002	5.429088e+002
1.001076476001987e+001	-4.000000e+000	5.448379e+002	-7.341634e-003	5.448362e+002	5.448362e+002	5.448362e+002
1.011316476002327e+001	-4.000000e+000	5.464126e+002	-7.320475e-003	5.464112e+002	5.464112e+002	5.464112e+002
1.021556476002667e+001	-4.000000e+000	5.476979e+002	-7.303296e-003	5.476968e+002	5.476968e+002	5.476968e+002
1.031796476003007e+001	-4.000000e+000	5.487460e+002	-7.289347e-003	5.487451e+002	5.487451e+002	5.487451e+002
1.040000100000000e+001	-4.000000e+000	5.494438e+002	-7.280089e-003	5.494438e+002	5.494438e+002	5.494438e+002
1.040000110000000e+001	-3.610000e+000	9.492816e+002	-3.802876e-003	9.492816e+002	9.492816e+002	9.492816e+002
1.040000129999999e+001	-2.830000e+000	2.687273e+003	-1.053112e-003	2.687273e+003	2.687273e+003	2.687273e+003
1.040000169999999e+001	-1.270000e+000	1.644579e+004	-7.722340e-005	1.644579e+004	1.644579e+004	1.644579e+004
1.040000200000000e+001	-1.000000e-001	8.637432e+005	-1.157752e-007	8.637432e+005	8.637432e+005	8.637432e+005
1.041866576000021e+001	-1.000000e-001	8.637432e+005	-1.157752e-007	8.637432e+005	8.637432e+005	8.637432e+005
1.052106576000361e+001	-1.000000e-001	8.637432e+005	-1.157752e-007	8.637432e+005	8.637432e+005	8.637432e+005
1.062346576000701e+001	-1.000000e-001	8.637432e+005	-1.157752e-007	8.637432e+005	8.637432e+005	8.637432e+005
1.072586576001041e+001	-1.000000e-001	8.637432e+005	-1.157752e-007	8.637432e+005	8.637432e+005	8.637432e+005
1.080000000000001e+001	-1.000000e-001	8.637432e+005	-1.157752e-007	8.637432e+005	8.637432e+005	8.637432e+005
1.080000010000001e+001	-4.900000e-001	3.506501e+005	-1.397405e-006	3.506501e+005	3.506501e+005	3.506501e+005
1.080000029999999e+001	-1.270000e+000	2.083922e+004	-6.094278e-005	2.083922e+004	2.083922e+004	2.083922e+004
1.080000070000000e+001	-2.830000e+000	1.255298e+003	-2.254445e-003	1.255298e+003	1.255298e+003	1.255298e+003
1.080000100000001e+001	-4.000000e+000	5.494438e+002	-7.280089e-003	5.494438e+002	5.494438e+002	5.494438e+002
1.082646476000048e+001	-4.000000e+000	5.496455e+002	-7.277417e-003	5.496448e+002	5.496448e+002	5.496448e+002
1.092886476000388e+001	-4.000000e+000	5.503324e+002	-7.268335e-003	5.503318e+002	5.503318e+002	5.503318e+002
1.103126476000728e+001	-4.000000e+000	5.508913e+002	-7.260960e-003	5.508908e+002	5.508908e+002	5.508908e+002
1.113366476001067e+001	-4.000000e+000	5.513460e+002	-7.254972e-003	5.513456e+002	5.513456e+002	5.513456e+002
1.123606476001407e+001	-4.000000e+000	5.517158e+002	-7.250110e-003	5.517154e+002	5.517154e+002	5.517154e+002
1.133846476001747e+001	-4.000000e+000	5.520163e+002	-7.246163e-003	5.520161e+002	5.520161e+002	5.520161e+002
1.144086476002087e+001	-4.000000e+000	5.522606e+002	-7.242958e-003	5.522604e+002	5.522604e+002	5.522604e+002
1.154326476002427e+001	-4.000000e+000	5.524591e+002	-7.240355e-003	5.524589e+002	5.524589e+002	5.524589e+002
1.164566476002767e+001	-4.000000e+000	5.526204e+002	-7.238242e-003	5.526202e+002	5.526202e+002	5.526202e+002
1.174806476003107e+001	-4.000000e+000	5.527514e+002	-7.236526e-003	5.527513e+002	5.527513e+002	5.527513e+002
1.180000100000001e+001	-4.000000e+000	5.528082e+002	-7.235783e-003	5.528082e+002	5.528082e+002	5.528082e+002
1.180000110000000e+001	-3.610000e+000	9.546090e+002	-3.781653e-003	9.546090e+002	9.546090e+002	9.546090e+002
1.180000129999999e+001	-2.830000e+000	2.699313e+003	-1.048415e-003	2.699313e+003	2.699313e+003	2.699313e+003
1.180000170000000e+001	-1.270000e+000	1.649281e+004	-7.700327e-005	1.649281e+004	1.649281e+004	1.649281e+004
1.180000200000001e+001	-1.000000e-001	8.642745e+005	-1.157040e-007	8.642745e+005	8.642745e+005	8.642745e+005
1.184876576000121e+001	-1.000000e-001	8.642745e+005	-1.157040e-007	8.642745e+005	8.642745e+005	8.642745e+005
1.195116576000461e+001	-1.000000e-001	8.642745e+005	-1.157040e-007	8.642745e+005	8.642745e+005	8.642745e+005
1.205356576000801e+001	-1.000000e-001	8.642745e+005	-1.157040e-007	8.642745e+005	8.642745e+005	8.642745e+005
1.215596576001141e+001	-1.000000e-001	8.642745e+005	-1.157040e-007	8.642745e+005	8.642745e+005	8.642745e+005
1.220000000000002e+001	-1.000001e-001	8.642745e+005	-1.157041e-007	8.642745e+005	8.642745e+005	8.642745e+005
1.220000010000001e+001	-4.900000e-001	3.509937e+005	-1.396037e-006	3.509937e+005	3.509937e+005	3.509937e+005
1.220000030000000e+001	-1.270000e+000	2.089823e+004	-6.077069e-005	2.089823e+004	2.089823e+004	2.089823e+004
1.220000069999998e+001	-2.830000e+000	1.262672e+003	-2.241278e-003	1.262672e+003	1.262672e+003	1.262672e+003
1.220000099999999e+001	-4.000000e+000	5.528082e+002	-7.235782e-003	5.528082e+002	5.528082e+002	5.528082e+002
1.225656475999679e+001	-4.000000e+000	5.528635e+002	-7.235059e-003	5.528634e+002	5.528634e+002	5.528634e+002
1.235896476000019e+001	-4.000000e+000	5.529489e+002	-7.233941e-003	5.529488e+002	5.529488e+002	5.529488e+002
1.246136476000359e+001	-4.000000e+000	5.530182e+002	-7.233034e-003	5.530182e+002	5.530182e+002	5.530182e+002
1.256376476000699e+001	-4.000000e+000	5.530746e+002	-7.232298e-003	5.530745e+002	5.530745e+002	5.530745e+002
1.266616476001039e+001	-4.000000e+000	5.531203e+002	-7.231700e-003	5.531203e+002	5.531203e+002	5.531203e+002
1.276856476001379e+001	-4.000000e+000	5.531575e+002	-7.231214e-003	5.531574e+002	5.531574e+002	5.531574e+002
1.287096476001719e+001	-4.000000e+000	5.531876e+002	-7.230820e-003	5.531876e+002	5.531876e+002	5.531876e+002
1.297336476002059e+001	-4.000000e+000	5.532121e+002	-7.230500e-003	5.532121e+002	5.532121e+002	5.532121e+002
1.307576476002399e+001	-4.000000e+000	5.532320e+002	-7.230240e-003	5.532320e+002	5.532320e+002	5.532320e+002
1.317816476002739e+001	-4.000000e+000	5.532481e+002	-7.230029e-003	5.532481e+002	5.532481e+002	5.532481e+002
1.320000099999999e+001	-4.000000e+000	5.532512e+002	-7.229989e-003	5.532512e+002	5.532512e+002	5.532512e+002
1.320000109999998e+001	-3.610000e+000	9.553101e+002	-3.778878e-003	9.553101e+002	9.553101e+002	9.553101e+002
1.320000129999997e+001	-2.830000e+000	2.700895e+003	-1.047801e-003	2.700895e+003	2.700895e+003	2.700895e+003
1.320000169999997e+001	-1.270000e+000	1.649897e+004	-7.697451e-005	1.649897e+004	1.649897e+004	1.649897e+004
1.320000199999998e+001	-1.000001e-001	8.643441e+005	-1.156947e-007	8.643441e+005	8.643441e+005	8.643441e+005
1.327886576000219e+001	-1.000000e-001	8.643441e+005	-1.156947e-007	8.643441e+005	8.643441e+005	8.643441e+005
1.338126576000559e+001	-1.000000e-001	8.643441e+005	-1.156947e-007	8.643441e+005	8.643441e+005	8.643441e+005
1.348366576000899e+001	-1.000000e-001	8.643441e+005	-1.156947e-007	8.643441e+005	8.643441e+005	8.643441e+005
1.358606576001239e+001	-1.000000e-001	8.643441e+005	-1.156947e-007	8.643441e+005	8.643441e+005	8.643441e+005
1.359999999999999e+001	-1.000000e-001	8.643441e+005	-1.156947e-007	8.643441e+005	8.643441e+005	8.643441e+005
1.360000009999999e+001	-4.899999e-001	3.510387e+005	-1.395857e-006	3.510387e+005	3.510387e+005	3.510387e+005
1.360000029999998e+001	-1.270000e+000	2.090597e+004	-6.074818e-005	2.090597e+004	2.090597e+004	2.090597e+004
1.360000069999998e+001	-2.830000e+000	1.263643e+003	-2.239557e-003	1.263643e+003	1.263643e+003	1.263643e+003
1.360000099999999e+001	-4.000000e+000	5.532512e+002	-7.229989e-003	5.532512e+002	5.532512e+002	5.532512e+002
1.368666476000246e+001	-4.000000e+000	5.532620e+002	-7.229848e-003	5.532619e+002	5.532619e+002	5.532619e+002
1.378906476000586e+001	-4.000000e+000	5.532725e+002	-7.229711e-003	5.532725e+002	5.532725e+002	5.532725e+002
1.389146476000926e+001	-4.000000e+000	5.532810e+002	-7.229600e-003	5.532810e+002	5.532810e+002	5.532810e+002
1.399386476001266e+001	-4.000000e+000	5.532879e+002	-7.229509e-003	5.532879e+002	5.532879e+002	5.532879e+002
1.409626476001606e+001	-4.000000e+000	5.532936e+002	-7.229435e-003	5.532936e+002	5.532936e+002	5.532936e+002
1.419866476001945e+001	-4.000000e+000	5.532981e+002	-7.229376e-003	5.532981e+002	5.532981e+002	5.532981e+002
1.430106476002285e+001	-4.000000e+000	5.533018e+002	-7.229327e-003	5.533018e+002	5.533018e+002	5.533018e+002
1.440346476002625e+001	-4.000000e+000	5.533049e+002	-7.229288e-003	5.533049e+002	5.533049e+002	5.533049e+002
1.450586476002965e+001	-4.000000e+000	5.533073e+002	-7.229256e-003	5.533073e+002	5.533073e+002	5.533073e+002
1.460000099999999e+001	-4.000000e+000	5.533091e+002	-7.229232e-003	5.533091e+002	5.533091e+002	5.533091e+002
1.460000109999999e+001	-3.610000e+000	9.554018e+002	-3.778515e-003	9.554018e+002	9.554018e+002	9.554018e+002
1.460000129999997e+001	-2.830000e+000	2.701102e+003	-1.047720e-003	2.701102e+003	2.701102e+003	2.701102e+003
1.460000169999998e+001	-1.270000e+000	1.649978e+004	-7.697073e-005	1.649978e+004	1.649978e+004	1.649978e+004
1.460000199999999e+001	-1.000000e-001	8.643531e+005	-1.156935e-007	8.643531e+005	8.643531e+005	8.643531e+005
1.460656575999980e+001	-1.000000e-001	8.643532e+005	-1.156935e-007	8.643532e+005	8.643532e+005	8.643532e+005
1.470896576000320e+001	-1.000000e-001	8.643532e+005	-1.156935e-007	8.643532e+005	8.643532e+005	8.643532e+005
1.481136576000660e+001	-1.000000e-001	8.643532e+005	-1.156935e-007	8.643532e+005	8.643532e+005	8.643532e+005
1.491376576000999e+001	-1.000000e-001	8.643532e+005	-1.156935e-007	8.643532e+005	8.643532e+005	8.643532e+005
1.501436476000006e+001	-1.000000e-001	8.643532e+005	-1.156935e-007	8.643532e+005	8.643532e+005	8.643532e+005
1.511676476000346e+001	-1.000000e-001	8.643532e+005	-1.156935e-007	8.643532e+005	8.643532e+005	8.643532e+005
1.521916476000686e+001	-1.000000e-001	8.643532e+005	-1.156935e-007	8.643532e+005	8.643532e+005	8.643532e+005
1.532156476001026e+001	-1.000000e-001	8.643532e+005	-1.156935e-007	8.643532e+005	8.643532e+005	8.643532e+005
1.542396476001366e+001	-1.000000e-001	8.643532e+005	-1.156935e-007	8.643532e+005	8.643532e+005	8.643532e+005
1.552636476001706e+001	-1.000000e-001	8.643532e+005	-1.156935e-007	8.643532e+005	8.643532e+005	8.643532e+005
1.562876476002046e+001	-1.000000e-001	8.643532e+005	-1.156935e-007	8.643532e+005	8.643532e+005	8.643532e+005
1.573116476002386e+001	-1.000000e-001	8.643532e+005	-1.156935e-007	8.643532e+005	8.643532e+005	8.643532e+005
1.583356476002726e+001	-1.000000e-001	8.643532e+005	-1.156935e-007	8.643532e+005	8.643532e+005	8.643532e+005
1.593596476003066e+001	-1.000000e-001	8.643532e+005	-1.156935e-007	8.643532e+005	8.643532e+005	8.643532e+005
1.600000000000000e+001	-1.000000e-001	8.643532e+005	-1.156935e-007	8.643532e+005	8.643532e+005	8.643532e+005
1.600000009999999e+001	-4.000000e-002	-2.873596e+004	1.391984e-006	-2.873596e+004	-7.236491e+003	1.574701e+003
1.600000029999998e+001	7.999999e-002	5.122788e+003	1.561650e-005	5.122788e+003	3.646019e+003	5.252383e+003
1.600000069999999e+001	3.200000e-001	3.093152e+003	1.034543e-004	3.093152e+003	2.019891e+003	3.882180e+003
1.600000100000000e+001	5.000000e-001	2.107923e+003	2.372003e-004	2.107923e+003	1.459636e+003	2.727559e+003
1.603666476000080e+001	5.000000e-001	2.107923e+003	2.372003e-004	2.107923e+003	1.036432e+003	2.108737e+003
1.613906476000420e+001	5.000000e-001	2.107923e+003	2.372003e-004	2.107923e+003	7.402556e+002	1.668438e+003
1.624146476000760e+001	5.000000e-001	2.107923e+003	2.372003e-004	2.107923e+003	7.397045e+002	1.273514e+003
1.634386476001100e+001	5.000000e-001	2.107923e+003	2.372003e-004	2.107923e+003	7.381443e+002	8.985067e+002
1.644626476001440e+001	5.000000e-001	2.107923e+003	2.372003e-004	2.107923e+003	7.365907e+002	4.111207e+002
1.654866476001780e+001	5.000000e-001	2.107923e+003	2.372003e-004	2.107923e+003	7.350436e+002	1.785921e+002
1.665106476002120e+001	5.000000e-001	2.107923e+003	2.372003e-004	2.107923e+003	7.335030e+002	1.330345e+002
1.675346476002460e+001	5.000000e-001	2.107923e+003	2.372003e-004	2.107923e+003	7.319689e+002	1.331137e+002
1.685586476002800e+001	5.000000e-001	2.107923e+003	2.372003e-004	2.107923e+003	7.304411e+002	1.333417e+002
1.695826476003140e+001	5.000000e-001	2.107923e+003	2.372003e-004	2.107923e+003	7.289197e+002	1.335705e+002
1.700000100000000e+001	5.000000e-001	2.107923e+003	2.372003e-004	2.107923e+003	7.274046e+002	1.338001e+002
1.700000109999999e+001	4.400000e-001	2.609962e+003	1.685848e-004	2.609962e+003	7.258959e+002	1.340305e+002
1.700000129999998e+001	3.200000e-001	3.659985e+003	8.743205e-005	3.659985e+003	7.252739e+002	1.342617e+002
1.700000169999998e+001	8.000001e-002	4.250998e+003	1.881911e-005	4.250998e+003	9.784308e+002	1.344937e+002
1.700000200000000e+001	-9.999999e-002	8.643531e+005	-1.156935e-007	8.643531e+005	1.614578e+003	1.347264e+002
1.705896576000154e+001	-1.000000e-001	8.643532e+005	-1.156935e-007	8.643532e+005	2.831818e+003	1.349600e+002
1.716136576000494e+001	-1.000000e-001	8.643532e+005	-1.156935e-007	8.643532e+005	4.376374e+004	1.351927e+002
1.726376576000834e+001	-1.000000e-001	8.643532e+005	-1.156935e-007	8.643532e+005	4.376374e+004	1.352884e+002
1.736616576001174e+001	-1.000000e-001	8.643532e+005	-1.156935e-007	8.643532e+005	4.376374e+004	2.036571e+002
1.740000000000001e+001	-9.999999e-002	8.643531e+005	-1.156934e-007	8.643531e+005	4.376374e+004	4.191502e+002
1.740000010000000e+001	-4.000000e-002	-2.873595e+004	1.391984e-006	-2.873595e+004	4.376374e+004	1.165653e+003
1.740000029999999e+001	7.999999e-002	5.122788e+003	1.561650e-005	5.122788e+003	4.376374e+004	1.547864e+004
1.740000069999999e+001	3.200000e-001	3.093152e+003	1.034543e-004	3.093152e+003	-9.274395e+003	1.547864e+004
1.740000100000000e+001	5.000000e-001	2.107923e+003	2.372003e-004	2.107923e+003	3.422552e+003	1.547864e+004
1.746676476000181e+001	5.000000e-001	2.107923e+003	2.372003e-004	2.107923e+003	1.227723e+003	1.547864e+004
1.756916476000521e+001	5.000000e-001	2.107923e+003	2.372003e-004	2.107923e+003	7.252739e+002	1.547864e+004
1.767156476000861e+001	5.000000e-001	2.107923e+003	2.372003e-004	2.107923e+003	7.243084e+002	1.547864e+004
1.777396476001201e+001	5.000000e-001	2.107923e+003	2.372003e-004	2.107923e+003	7.228124e+002	1.623220e+003
1.787636476001541e+001	5.000000e-001	2.107923e+003	2.372003e-004	2.107923e+003	7.213226e+002	1.433513e+003
1.797876476001881e+001	5.000000e-001	2.107923e+003	2.372003e-004	2.107923e+003	7.198389e+002	2.644911e+002
1.808116476002221e+001	5.000000e-001	2.107923e+003	2.372003e-004	2.107923e+003	7.183613e+002	1.352884e+002
1.818356476002560e+001	5.000000e-001	2.107923e+003	2.372003e-004	2.107923e+003	7.168898e+002	1.354341e+002
1.828596476002900e+001	5.000000e-001	2.107923e+003	2.372003e-004	2.107923e+003	7.154243e+002	1.356571e+002
1.838836476003240e+001	5.000000e-001	2.107923e+003	2.372003e-004	2.107923e+003	7.139647e+002	1.358757e+002
1.840000100000000e+001	5.000000e-001	2.107923e+003	2.372003e-004	2.107923e+003	7.125111e+002	1.360900e+002
1.840000110000000e+001	4.400000e-001	2.609962e+003	1.685848e-004	2.609962e+003	7.110634e+002	1.363002e+002
1.840000129999999e+001	3.200000e-001	3.659985e+003	8.743205e-005	3.659985e+003	7.108866e+002	1.365063e+002
1.840000169999999e+001	8.000001e-002	4.250998e+003	1.881911e-005	4.250998e+003	9.535902e+002	1.367085e+002
1.840000200000000e+001	-1.000000e-001	8.643532e+005	-1.156935e-007	8.643532e+005	1.555237e+003	1.369070e+002
1.848906576000255e+001	-1.000000e-001	8.643532e+005	-1.156935e-007	8.643532e+005	2.695285e+003	1.371018e+002
1.859146576000595e+001	-1.000000e-001	8.643532e+005	-1.156935e-007	8.643532e+005	2.245022e+004	1.372931e+002
1.869386576000935e+001	-1.000000e-001	8.643532e+005	-1.156935e-007	8.643532e+005	2.245022e+004	1.373165e+002
1.879626576001274e+001	-1.000000e-001	8.643532e+005	-1.156935e-007	8.643532e+005	2.245022e+004	2.045188e+002
1.880000000000001e+001	-9.999999e-002	8.643531e+005	-1.156934e-007	8.643531e+005	2.245022e+004	4.109354e+002
1.880000010000001e+001	-4.000000e-002	-2.873595e+004	1.391984e-006	-2.873595e+004	2.245022e+004	1.092993e+003
1.880000029999999e+001	8.000000e-002	5.122788e+003	1.561650e-005	5.122788e+003	2.245022e+004	8.339092e+003
1.880000070000000e+001	3.200000e-001	3.093152e+003	1.034543e-004	3.093152e+003	-1.291006e+004	8.339092e+003
1.880000100000001e+001	5.000000e-001	2.107923e+003	2.372003e-004	2.107923e+003	3.224897e+003	8.339092e+003
1.889686476000281e+001	5.000000e-001	2.107923e+003	2.372003e-004	2.107923e+003	1.192738e+003	8.339092e+003
1.899926476000621e+001	5.000000e-001	2.107923e+003	2.372003e-004	2.107923e+003	7.108866e+002	8.339092e+003
1.910166476000961e+001	5.000000e-001	2.107923e+003	2.372003e-004	2.107923e+003	7.095359e+002	8.339092e+003
1.920406476001301e+001	5.000000e-001	2.107923e+003	2.372003e-004	2.107923e+003	7.081002e+002	1.668023e+003
1.930646476001641e+001	5.000000e-001	2.107923e+003	2.372003e-004	2.107923e+003	7.066704e+002	1.329516e+003
1.940886476001981e+001	5.000000e-001	2.107923e+003	2.372003e-004	2.107923e+003	7.052463e+002	2.650683e+002
1.951126476002321e+001	5.000000e-001	2.107923e+003	2.372003e-004	2.107923e+003	7.038279e+002	1.373165e+002
1.961366476002661e+001	5.000000e-001	2.107923e+003	2.372003e-004	2.107923e+003	7.024162e+002	1.374922e+002
1.971606476003001e+001	5.000000e-001	2.107923e+003	2.372003e-004	2.107923e+003	7.010193e+002	1.376766e+002
1.980000100000001e+001	5.000000e-001	2.107924e+003	2.372002e-004	2.107924e+003	6.996396e+002	1.378578e+002
1.980000110000000e+001	4.400000e-001	2.609962e+003	1.685848e-004	2.609962e+003	6.982766e+002	1.380359e+002
1.980000129999999e+001	3.200000e-001	3.659985e+003	8.743205e-005	3.659985e+003	6.971599e+002	1.382110e+002
1.980000170000000e+001	8.000001e-002	4.250998e+003	1.881911e-005	4.250998e+003	9.301511e+002	1.383832e+002
1.980000200000001e+001	-1.000000e-001	8.643532e+005	-1.156935e-007	8.643532e+005	1.500499e+003	1.385525e+002
1.981676576000015e+001	-1.000000e-001	8.643532e+005	-1.156935e-007	8.643532e+005	2.572192e+003	1.387191e+002
1.991916576000355e+001	-1.000000e-001	8.643532e+005	-1.156935e-007	8.643532e+005	1.513439e+004	1.388830e+002
2.002156576000695e+001	-1.000000e-001	8.643532e+005	-1.156935e-007	8.643532e+005	1.513439e+004	1.390169e+002
2.012396576001035e+001	-1.000000e-001	8.643532e+005	-1.156935e-007	8.643532e+005	1.513439e+004	2.052274e+002
2.020000000000002e+001	-9.999999e-002	8.643531e+005	-1.156934e-007	8.643531e+005	1.513439e+004	4.044674e+002
2.020000010000001e+001	-3.999999e-002	-2.873594e+004	1.391985e-006	-2.873594e+004	1.513439e+004	1.040092e+003
2.020000030000000e+001	8.000000e-002	5.122788e+003	1.561650e-005	5.122788e+003	1.513439e+004	6.058835e+003
2.020000069999998e+001	3.200000e-001	3.093152e+003	1.034543e-004	3.093152e+003	-2.113269e+004	6.058835e+003
2.020000099999999e+001	5.000000e-001	2.107924e+003	2.372002e-004	2.107924e+003	3.050063e+003	6.058835e+003
2.022456475999573e+001	5.000000e-001	2.107923e+003	2.372003e-004	2.107923e+003	1.159932e+003	6.058835e+003
2.032696475999913e+001	5.000000e-001	2.107923e+003	2.372003e-004	2.107923e+003	6.971599e+002	6.058835e+003
2.042936476000253e+001	5.000000e-001	2.107923e+003	2.372003e-004	2.107923e+003	6.968503e+002	6.058835e+003
2.053176476000593e+001	5.000000e-001	2.107923e+003	2.372003e-004	2.107923e+003	6.955208e+002	1.706454e+003
2.063416476000933e+001	5.000000e-001	2.107923e+003	2.372003e-004	2.107923e+003	6.942071e+002	1.255216e+003
2.073656476001273e+001	5.000000e-001	2.107923e+003	2.372003e-004	2.107923e+003	6.929089e+002	2.655411e+002
2.083896476001613e+001	5.000000e-001	2.107923e+003	2.372003e-004	2.107923e+003	6.916259e+002	1.390170e+002
2.094136476001953e+001	5.000000e-001	2.107923e+003	2.372003e-004	2.107923e+003	6.903578e+002	1.390538e+002
2.104376476002292e+001	5.000000e-001	2.107923e+003	2.372003e-004	2.107923e+003	6.891043e+002	1.392124e+002
2.114616476002632e+001	5.000000e-001	2.107923e+003	2.372003e-004	2.107923e+003	6.878652e+002	1.393685e+002
2.120000099999999e+001	5.000000e-001	2.107923e+003	2.372003e-004	2.107923e+003	6.866402e+002	1.395222e+002
2.120000109999998e+001	4.400000e-001	2.609962e+003	1.685848e-004	2.609962e+003	6.854291e+002	1.396736e+002
2.120000129999997e+001	3.200000e-001	3.659985e+003	8.743206e-005	3.659985e+003	6.847873e+002	1.398226e+002
2.120000169999997e+001	8.000001e-002	4.250998e+003	1.881912e-005	4.250998e+003	9.092388e+002	1.399695e+002
2.120000199999998e+001	-9.999999e-002	8.643532e+005	-1.156934e-007	8.643532e+005	1.452659e+003	1.401142e+002
2.124686576000113e+001	-1.000000e-001	8.643532e+005	-1.156935e-007	8.643532e+005	2.466779e+003	1.402567e+002
2.134926576000453e+001	-1.000000e-001	8.643532e+005	-1.156935e-007	8.643532e+005	1.159797e+004	1.403972e+002
2.145166576000793e+001	-1.000000e-001	8.643532e+005	-1.156935e-007	8.643532e+005	1.159797e+004	1.404716e+002
2.155406576001133e+001	-1.000000e-001	8.643532e+005	-1.156935e-007	8.643532e+005	1.159797e+004	2.058237e+002
2.159999999999999e+001	-1.000000e-001	8.643532e+005	-1.156935e-007	8.643532e+005	1.159797e+004	3.992126e+002
2.160000009999999e+001	-4.000001e-002	-2.873596e+004	1.391984e-006	-2.873596e+004	1.159797e+004	9.996322e+002
2.160000029999998e+001	7.999998e-002	5.122787e+003	1.561650e-005	5.122787e+003	1.159797e+004	4.931211e+003
2.160000069999998e+001	3.200000e-001	3.093152e+003	1.034543e-004	3.093152e+003	-5.230463e+004	4.931212e+003
2.160000099999999e+001	5.000000e-001	2.107924e+003	2.372002e-004	2.107924e+003	2.902809e+003	4.931212e+003
2.165466476000140e+001	5.000000e-001	2.107923e+003	2.372003e-004	2.107923e+003	1.130827e+003	4.931212e+003
2.175706476000480e+001	5.000000e-001	2.107923e+003	2.372003e-004	2.107923e+003	6.847873e+002	4.931212e+003
2.185946476000819e+001	5.000000e-001	2.107923e+003	2.372003e-004	2.107923e+003	6.841606e+002	4.931212e+003
2.196186476001159e+001	5.000000e-001	2.107923e+003	2.372003e-004	2.107923e+003	6.829772e+002	1.739976e+003
2.206426476001499e+001	5.000000e-001	2.107923e+003	2.372003e-004	2.107923e+003	6.818069e+002	1.199172e+003
2.216666476001839e+001	5.000000e-001	2.107923e+003	2.372003e-004	2.107923e+003	6.806496e+002	2.659378e+002
2.226906476002179e+001	5.000000e-001	2.107923e+003	2.372003e-004	2.107923e+003	6.795048e+002	1.404716e+002
2.237146476002519e+001	5.000000e-001	2.107923e+003	2.372003e-004	2.107923e+003	6.783725e+002	1.405439e+002
2.247386476002859e+001	5.000000e-001	2.107923e+003	2.372003e-004	2.107923e+003	6.772525e+002	1.406803e+002
2.257626476003199e+001	5.000000e-001	2.107923e+003	2.372003e-004	2.107923e+003	6.761443e+002	1.408147e+002
2.260000099999999e+001	5.000000e-001	2.107923e+003	2.372003e-004	2.107923e+003	6.750481e+002	1.409473e+002
2.260000109999999e+001	4.400000e-001	2.609962e+003	1.685848e-004	2.609962e+003	6.739634e+002	1.410781e+002
2.260000129999997e+001	3.200000e-001	3.659985e+003	8.743205e-005	3.659985e+003	6.737042e+002	1.412071e+002
2.260000169999998e+001	8.000001e-002	4.250998e+003	1.881911e-005	4.250998e+003	8.906767e+002	1.413343e+002
2.260000199999999e+001	-9.999999e-002	8.643531e+005	-1.156934e-007	8.643531e+005	1.410959e+003	1.414598e+002
2.267696576000213e+001	-1.000000e-001	8.643532e+005	-1.156935e-007	8.643532e+005	2.376499e+003	1.415836e+002
2.277936576000553e+001	-1.000000e-001	8.643532e+005	-1.156935e-007	8.643532e+005	9.533096e+003	1.417058e+002
2.288176576000893e+001	-1.000000e-001	8.643532e+005	-1.156935e-007	8.643532e+005	9.533096e+003	1.417351e+002
2.298416576001233e+001	-1.000000e-001	8.643532e+005	-1.156935e-007	8.643532e+005	9.533096e+003	2.063345e+002
2.300000000000000e+001	-1.000000e-001	8.643532e+005	-1.156935e-007	8.643532e+005	9.533096e+003	3.948427e+002
2.300000009999999e+001	-4.000000e-002	-2.873596e+004	1.391984e-006	-2.873596e+004	9.533096e+003	9.675680e+002
2.300000029999998e+001	7.999999e-002	5.122788e+003	1.561650e-005	5.122788e+003	9.533096e+003	4.256376e+003
2.300000069999999e+001	3.200000e-001	3.093152e+003	1.034543e-004	3.093152e+003	1.423977e+005	4.256376e+003
2.300000100000000e+001	5.000000e-001	2.107923e+003	2.372003e-004	2.107923e+003	2.778465e+003	4.256376e+003
2.308476476000240e+001	5.000000e-001	2.107923e+003	2.372003e-004	2.107923e+003	1.105124e+003	4.256376e+003
2.318716476000580e+001	5.000000e-001	2.107923e+003	2.372003e-004	2.107923e+003	6.737042e+002	4.256376e+003
2.328956476000920e+001	5.000000e-001	2.107923e+003	2.372003e-004	2.107923e+003	6.728266e+002	4.256376e+003
2.339196476001260e+001	5.000000e-001	2.107923e+003	2.372003e-004	2.107923e+003	6.717653e+002	1.769593e+003
2.349436476001600e+001	5.000000e-001	2.107923e+003	2.372003e-004	2.107923e+003	6.707149e+002	1.155232e+003
2.359676476001940e+001	5.000000e-001	2.107923e+003	2.372003e-004	2.107923e+003	6.696754e+002	2.662766e+002
2.369916476002280e+001	5.000000e-001	2.107923e+003	2.372003e-004	2.107923e+003	6.686467e+002	1.417351e+002
2.380156476002620e+001	5.000000e-001	2.107923e+003	2.372003e-004	2.107923e+003	6.676284e+002	1.418335e+002
2.390396476002960e+001	5.000000e-001	2.107923e+003	2.372003e-004	2.107923e+003	6.666203e+002	1.419525e+002
2.400000100000000e+001	5.000000e-001	2.107923e+003	2.372003e-004	2.107923e+003	6.656225e+002	1.420698e+002
2.400000109999999e+001	4.400000e-001	2.609962e+003	1.685848e-004	2.609962e+003	6.646347e+002	1.421857e+002
2.400000129999998e+001	3.200000e-001	3.659985e+003	8.743205e-005	3.659985e+003	6.637086e+002	1.423001e+002
2.400000169999998e+001	8.000001e-002	4.250998e+003	1.881911e-005	4.250998e+003	8.740723e+002	1.424131e+002
2.400000200000000e+001	-9.999999e-002	8.643531e+005	-1.156935e-007	8.643531e+005	1.374251e+003	1.425246e+002
2.400466575999974e+001	-1.000000e-001	8.643532e+005	-1.156935e-007	8.643532e+005	2.298231e+003	1.426348e+002
2.410706576000314e+001	-1.000000e-001	8.643532e+005	-1.156935e-007	8.643532e+005	8.178224e+003	1.427436e+002
2.420946576000654e+001	-1.000000e-001	8.643532e+005	-1.156935e-007	8.643532e+005	8.178224e+003	1.428455e+002
2.431186576000994e+001	-1.000000e-001	8.643532e+005	-1.156935e-007	8.643532e+005	8.178224e+003	2.067780e+002
2.440000000000001e+001	-9.999999e-002	8.643531e+005	-1.156934e-007	8.643531e+005	8.178224e+003	3.911423e+002
2.440000010000000e+001	-4.000000e-002	-2.873595e+004	1.391984e-006	-2.873595e+004	8.178224e+003	9.414688e+002
2.440000029999999e+001	7.999999e-002	5.122788e+003	1.561650e-005	5.122788e+003	8.178224e+003	3.806202e+003
2.440000069999999e+001	3.200000e-001	3.093152e+003	1.034543e-004	3.093152e+003	3.190026e+004	3.806202e+003
2.440000100000000e+001	5.000000e-001	2.107923e+003	2.372003e-004	2.107923e+003	2.671962e+003	3.806202e+003
2.441246476000001e+001	5.000000e-001	2.107923e+003	2.372003e-004	2.107923e+003	1.082234e+003	3.806202e+003
2.451486476000341e+001	5.000000e-001	2.107923e+003	2.372003e-004	2.107923e+003	6.637086e+002	3.806202e+003
2.461726476000681e+001	5.000000e-001	2.107923e+003	2.372003e-004	2.107923e+003	6.635987e+002	3.806202e+003
2.471966476001020e+001	5.000000e-001	2.107923e+003	2.372003e-004	2.107923e+003	6.626310e+002	1.796014e+003
2.482206476001360e+001	5.000000e-001	2.107923e+003	2.372003e-004	2.107923e+003	6.616727e+002	1.119771e+003
2.492446476001700e+001	5.000000e-001	2.107923e+003	2.372003e-004	2.107923e+003	6.607239e+002	2.665702e+002
2.502686476002040e+001	5.000000e-001	2.107923e+003	2.372003e-004	2.107923e+003	6.597843e+002	1.428455e+002
2.512926476002380e+001	5.000000e-001	2.107923e+003	2.372003e-004	2.107923e+003	6.588537e+002	1.428575e+002
2.523166476002720e+001	5.000000e-001	2.107923e+003	2.372003e-004	2.107923e+003	6.579322e+002	1.429635e+002
2.533406476003060e+001	5.000000e-001	2.107923e+003	2.372003e-004	2.107923e+003	6.570194e+002	1.430684e+002
2.540000100000000e+001	5.000000e-001	2.107923e+003	2.372003e-004	2.107923e+003	6.561153e+002	1.431719e+002
2.540000110000000e+001	4.400000e-001	2.609962e+003	1.685848e-004	2.609962e+003	6.552197e+002	1.432742e+002
2.540000129999999e+001	3.200000e-001	3.659985e+003	8.743205e-005	3.659985e+003	6.546398e+002	1.433754e+002
2.540000169999999e+001	8.000001e-002	4.250998e+003	1.881911e-005	4.250998e+003	8.591181e+002	1.434753e+002
2.540000200000000e+001	-1.000000e-001	8.643532e+005	-1.156935e-007	8.643532e+005	1.341660e+003	1.435741e+002
2.543476576000074e+001	-1.000000e-001	8.643532e+005	-1.156935e-007	8.643532e+005	2.229667e+003	1.436717e+002
2.553716576000414e+001	-1.000000e-001	8.643532e+005	-1.156935e-007	8.643532e+005	7.220109e+003	1.437682e+002
2.563956576000754e+001	-1.000000e-001	8.643532e+005	-1.156935e-007	8.643532e+005	7.220109e+003	1.438307e+002
2.574196576001094e+001	-1.000000e-001	8.643532e+005	-1.156935e-007	8.643532e+005	7.220109e+003	2.071673e+002
2.580000000000001e+001	-9.999999e-002	8.643531e+005	-1.156934e-007	8.643531e+005	7.220109e+003	3.879635e+002
2.580000010000001e+001	-4.000000e-002	-2.873595e+004	1.391984e-006	-2.873595e+004	7.220109e+003	9.197774e+002
2.580000029999999e+001	8.000000e-002	5.122788e+003	1.561650e-005	5.122788e+003	7.220108e+003	3.484037e+003
2.580000070000000e+001	3.200000e-001	3.093152e+003	1.034543e-004	3.093152e+003	1.849789e+004	3.484037e+003
2.580000100000001e+001	5.000000e-001	2.107923e+003	2.372003e-004	2.107923e+003	2.579636e+003	3.484037e+003
2.584256476000101e+001	5.000000e-001	2.107923e+003	2.372003e-004	2.107923e+003	1.061701e+003	3.484037e+003
2.594496476000441e+001	5.000000e-001	2.107923e+003	2.372003e-004	2.107923e+003	6.546398e+002	3.484037e+003
2.604736476000781e+001	5.000000e-001	2.107923e+003	2.372003e-004	2.107923e+003	6.542801e+002	3.484037e+003
2.614976476001121e+001	5.000000e-001	2.107923e+003	2.372003e-004	2.107923e+003	6.534017e+002	1.819768e+003
2.625216476001461e+001	5.000000e-001	2.107923e+003	2.372003e-004	2.107923e+003	6.525315e+002	1.090505e+003
2.635456476001801e+001	5.000000e-001	2.107923e+003	2.372003e-004	2.107923e+003	6.516694e+002	2.668274e+002
2.645696476002141e+001	5.000000e-001	2.107923e+003	2.372003e-004	2.107923e+003	6.508152e+002	1.438307e+002
2.655936476002481e+001	5.000000e-001	2.107923e+003	2.372003e-004	2.107923e+003	6.499688e+002	1.438692e+002
2.666176476002821e+001	5.000000e-001	2.107923e+003	2.372003e-004	2.107923e+003	6.491301e+002	1.439635e+002
2.676416476003161e+001	5.000000e-001	2.107923e+003	2.372003e-004	2.107923e+003	6.482990e+002	1.440567e+002
2.680000100000001e+001	5.000000e-001	2.107924e+003	2.372002e-004	2.107924e+003	6.474754e+002	1.441488e+002
2.680000110000000e+001	4.400000e-001	2.609962e+003	1.685848e-004	2.609962e+003	6.466591e+002	1.442399e+002
2.680000129999999e+001	3.200000e-001	3.659985e+003	8.743205e-005	3.659985e+003	6.463681e+002	1.443300e+002
2.680000170000000e+001	8.000000e-002	4.250997e+003	1.881911e-005	4.250997e+003	8.455692e+002	1.444192e+002
2.680000200000001e+001	-1.000000e-001	8.643532e+005	-1.156935e-007	8.643532e+005	1.312508e+003	1.445073e+002
2.686486576000175e+001	-1.000000e-001	8.643532e+005	-1.156935e-007	8.643532e+005	2.169061e+003	1.445945e+002
2.696726576000515e+001	-1.000000e-001	8.643532e+005	-1.156935e-007	8.643532e+005	6.506225e+003	1.446807e+002
2.706966576000855e+001	-1.000000e-001	8.643532e+005	-1.156935e-007	8.643532e+005	6.506225e+003	1.447115e+002
2.717206576001195e+001	-1.000000e-001	8.643532e+005	-1.156935e-007	8.643532e+005	6.506225e+003	2.075120e+002
2.720000000000002e+001	-9.999999e-002	8.643531e+005	-1.156934e-007	8.643531e+005	6.506225e+003	3.852006e+002
2.720000010000001e+001	-3.999999e-002	-2.873594e+004	1.391985e-006	-2.873594e+004	6.506225e+003	9.014469e+002
2.720000030000000e+001	8.000000e-002	5.122788e+003	1.561650e-005	5.122788e+003	6.506225e+003	3.241859e+003
2.720000069999998e+001	3.200000e-001	3.093152e+003	1.034543e-004	3.093152e+003	1.327456e+004	3.241859e+003
2.720000099999999e+001	5.000000e-001	2.107924e+003	2.372002e-004	2.107924e+003	2.498770e+003	3.241859e+003
2.727266475999733e+001	5.000000e-001	2.107923e+003	2.372003e-004	2.107923e+003	1.043165e+003	3.241859e+003
2.737506476000073e+001	5.000000e-001	2.107923e+003	2.372003e-004	2.107923e+003	6.463681e+002	3.241859e+003
2.747746476000413e+001	5.000000e-001	2.107923e+003	2.372003e-004	2.107923e+003	6.458022e+002	3.241859e+003
2.757986476000752e+001	5.000000e-001	2.107923e+003	2.372003e-004	2.107923e+003	6.450009e+002	1.841261e+003
2.768226476001092e+001	5.000000e-001	2.107923e+003	2.372003e-004	2.107923e+003	6.442065e+002	1.065917e+003
2.778466476001432e+001	5.000000e-001	2.107923e+003	2.372003e-004	2.107923e+003	6.434192e+002	2.670548e+002
2.788706476001772e+001	5.000000e-001	2.107923e+003	2.372003e-004	2.107923e+003	6.426387e+002	1.447115e+002
2.798946476002112e+001	5.000000e-001	2.107923e+003	2.372003e-004	2.107923e+003	6.418650e+002	1.447115e+002
2.809186476002452e+001	5.000000e-001	2.107923e+003	2.372003e-004	2.107923e+003	6.410980e+002	1.447711e+002
2.819426476002792e+001	5.000000e-001	2.107923e+003	2.372003e-004	2.107923e+003	6.403375e+002	1.448554e+002
2.820000099999999e+001	5.000000e-001	2.107923e+003	2.372003e-004	2.107923e+003	6.395836e+002	1.449389e+002
2.820000109999998e+001	4.400000e-001	2.609962e+003	1.685848e-004	2.609962e+003	6.388360e+002	1.450215e+002
2.820000129999997e+001	3.200000e-001	3.659985e+003	8.743206e-005	3.659985e+003	6.387879e+002	1.451031e+002
2.820000169999997e+001	8.000001e-002	4.250998e+003	1.881912e-005	4.250998e+003	8.332280e+002	1.451840e+002
2.820000199999998e+001	-9.999999e-002	8.643532e+005	-1.156934e-007	8.643532e+005	1.286259e+003	1.452640e+002
2.829496576000273e+001	-1.000000e-001	8.643532e+005	-1.156935e-007	8.643532e+005	2.115069e+003	1.453432e+002
2.839736576000612e+001	-1.000000e-001	8.643532e+005	-1.156935e-007	8.643532e+005	5.953402e+003	1.454215e+002
2.849976576000952e+001	-1.000000e-001	8.643532e+005	-1.156935e-007	8.643532e+005	5.953403e+003	1.454991e+002
2.859999999999999e+001	-1.000000e-001	8.643532e+005	-1.156935e-007	8.643532e+005	5.953403e+003	1.455042e+002
2.860000009999999e+001	-4.000001e-002	-2.873596e+004	1.391984e-006	-2.873596e+004	5.953403e+003	2.078197e+002
2.860000029999998e+001	7.999998e-002	5.122787e+003	1.561650e-005	5.122787e+003	5.953403e+003	3.827757e+002
2.860000069999998e+001	3.200000e-001	3.093152e+003	1.034543e-004	3.093152e+003	1.049212e+004	8.857446e+002
2.860000099999999e+001	5.000000e-001	2.107924e+003	2.372002e-004	2.107924e+003	2.427310e+003	3.053079e+003
2.860036475999959e+001	5.000000e-001	2.107923e+003	2.372003e-004	2.107923e+003	1.026336e+003	3.053080e+003
2.870276476000299e+001	5.000000e-001	2.107923e+003	2.372003e-004	2.107923e+003	6.387879e+002	3.053080e+003
2.880516476000639e+001	5.000000e-001	2.107923e+003	2.372003e-004	2.107923e+003	6.387879e+002	3.053080e+003
2.890756476000979e+001	5.000000e-001	2.107923e+003	2.372003e-004	2.107923e+003	6.380509e+002	3.053080e+003
2.900996476001319e+001	5.000000e-001	2.107923e+003	2.372003e-004	2.107923e+003	6.373163e+002	1.860809e+003
2.911236476001659e+001	5.000000e-001	2.107923e+003	2.372003e-004	2.107923e+003	6.365879e+002	1.044959e+003
2.921476476001999e+001	5.000000e-001	2.107923e+003	2.372003e-004	2.107923e+003	6.358656e+002	2.672574e+002
2.931716476002339e+001	5.000000e-001	2.107923e+003	2.372003e-004	2.107923e+003	6.351492e+002	1.455042e+002
2.941956476002679e+001	5.000000e-001	2.107923e+003	2.372003e-004	2.107923e+003	6.344387e+002	1.455042e+002
2.952196476003019e+001	5.000000e-001	2.107923e+003	2.372003e-004	2.107923e+003	6.337342e+002	1.455804e+002
2.960000099999999e+001	5.000000e-001	2.107923e+003	2.372003e-004	2.107923e+003	6.330354e+002	1.456564e+002
2.960000109999999e+001	4.400000e-001	2.609962e+003	1.685848e-004	2.609962e+003	6.323422e+002	1.457316e+002
2.960000129999997e+001	3.200000e-001	3.659985e+003	8.743205e-005	3.659985e+003	6.318117e+002	1.458060e+002
2.960000169999998e+001	8.000001e-002	4.250998e+003	1.881911e-005	4.250998e+003	8.219335e+002	1.458797e+002
2.960000199999999e+001	-9.999999e-002	8.643531e+005	-1.156934e-007	8.643531e+005	1.262489e+003	1.459526e+002
2.962266576000033e+001	-1.000000e-001	8.643532e+005	-1.156935e-007	8.643532e+005	2.066635e+003	1.460249e+002
2.972506576000373e+001	-1.000000e-001	8.643532e+005	-1.156935e-007	8.643532e+005	5.512421e+003	1.460964e+002
2.982746576000713e+001	-1.000000e-001	8.643532e+005	-1.156935e-007	8.643532e+005	5.512421e+003	1.461672e+002
2.992986576001053e+001	-1.000000e-001	8.643532e+005	-1.156935e-007	8.643532e+005	5.512421e+003	1.462214e+002
3.003046476000060e+001	-1.000000e-001	8.643532e+005	-1.156935e-007	8.643532e+005	5.512421e+003	2.080960e+002
3.013286476000400e+001	-1.000000e-001	8.643532e+005	-1.156935e-007	8.643532e+005	5.512421e+003	3.806300e+002
3.023526476000740e+001	-1.000000e-001	8.643532e+005	-1.156935e-007	8.643532e+005	5.512421e+003	8.721408e+002
3.033766476001080e+001	-1.000000e-001	8.643532e+005	-1.156935e-007	8.643532e+005	5.512421e+003	2.901768e+003
3.044006476001420e+001	-1.000000e-001	8.643532e+005	-1.156935e-007	8.643532e+005	5.512421e+003	2.901768e+003
3.054246476001759e+001	-1.000000e-001	8.643532e+005	-1.156935e-007	8.643532e+005	5.512421e+003	2.901768e+003
3.064486476002099e+001	-1.000000e-001	8.643532e+005	-1.156935e-007	8.643532e+005	5.512421e+003	2.901768e+003
3.074726476002439e+001	-1.000000e-001	8.643532e+005	-1.156935e-007	8.643532e+005	5.512421e+003	2.901768e+003
3.084966476002779e+001	-1.000000e-001	8.643532e+005	-1.156935e-007	8.643532e+005	5.512421e+003	2.901768e+003
3.095206476003119e+001	-1.000000e-001	8.643532e+005	-1.156935e-007	8.643532e+005	5.512421e+003	2.901768e+003
3.105446476003459e+001	-1.000000e-001	8.643532e+005	-1.156935e-007	8.643532e+005	5.512421e+003	2.901768e+003
3.115686476003799e+001	-1.000000e-001	8.643532e+005	-1.156935e-007	8.643532e+005	5.512421e+003	2.901768e+003
3.125926476004139e+001	-1.000000e-001	8.643532e+005	-1.156935e-007	8.643532e+005	5.512421e+003	2.901768e+003
3.136166476004479e+001	-1.000000e-001	8.643532e+005	-1.156935e-007	8.643532e+005	5.512421e+003	2.901768e+003
3.146406476004819e+001	-1.000000e-001	8.643532e+005	-1.156935e-007	8.643532e+005	5.512421e+003	2.901768e+003
3.156646476005159e+001	-1.000000e-001	8.643532e+005	-1.156935e-007	8.643532e+005	5.512421e+003	2.901768e+003
3.166886476005499e+001	-1.000000e-001	8.643532e+005	-1.156935e-007	8.643532e+005	5.512421e+003	2.901768e+003
3.177126476005839e+001	-1.000000e-001	8.643532e+005	-1.156935e-007	8.643532e+005	5.512421e+003	2.901768e+003
3.187366476006179e+001	-1.000000e-001	8.643532e+005	-1.156935e-007	8.643532e+005	5.512421e+003	2.901768e+003
3.197606476006519e+001	-1.000000e-001	8.643532e+005	-1.156935e-007	8.643532e+005	5.512421e+003	2.901768e+003
3.207846476006858e+001	-1.000000e-001	8.643532e+005	-1.156935e-007	8.643532e+005	5.512421e+003	2.901768e+003
3.218086476007198e+001	-1.000000e-001	8.643532e+005	-1.156935e-007	8.643532e+005	5.512421e+003	2.901768e+003
3.228326476007538e+001	-1.000000e-001	8.643532e+005	-1.156935e-007	8.643532e+005	5.512421e+003	2.901768e+003
3.238566476007878e+001	-1.000000e-001	8.643532e+005	-1.156935e-007	8.643532e+005	5.512421e+003	2.901768e+003
3.248806476008218e+001	-1.000000e-001	8.643532e+005	-1.156935e-007	8.643532e+005	5.512421e+003	2.901768e+003
3.259046476008558e+001	-1.000000e-001	8.643532e+005	-1.156935e-007	8.643532e+005	5.512421e+003	2.901768e+003
3.269286476008898e+001	-1.000000e-001	8.643532e+005	-1.156935e-007	8.643532e+005	5.512421e+003	2.901768e+003
3.279526476009238e+001	-1.000000e-001	8.643532e+005	-1.156935e-007	8.643532e+005	5.512421e+003	2.901768e+003
3.289766476009578e+001	-1.000000e-001	8.643532e+005	-1.156935e-007	8.643532e+005	5.512421e+003	2.901768e+003
3.300006476009918e+001	-1.000000e-001	8.643532e+005	-1.156935e-007	8.643532e+005	5.512421e+003	2.901768e+003
3.310246476010258e+001	-1.000000e-001	8.643532e+005	-1.156935e-007	8.643532e+005	5.512421e+003	2.901768e+003
3.320486476010598e+001	-1.000000e-001	8.643532e+005	-1.156935e-007	8.643532e+005	5.512421e+003	2.901768e+003
3.330726476010938e+001	-1.000000e-001	8.643532e+005	-1.156935e-007	8.643532e+005	5.512421e+003	2.901768e+003
3.340966476011278e+001	-1.000000e-001	8.643532e+005	-1.156935e-007	8.643532e+005	5.512421e+003	2.901768e+003
3.351206476011618e+001	-1.000000e-001	8.643532e+005	-1.156935e-007	8.643532e+005	5.512421e+003	2.901768e+003
3.361446476011957e+001	-1.000000e-001	8.643532e+005	-1.156935e-007	8.643532e+005	5.512421e+003	2.901768e+003
3.371686476012297e+001	-1.000000e-001	8.643532e+005	-1.156935e-007	8.643532e+005	5.512421e+003	2.901768e+003
3.381926476012637e+001	-1.000000e-001	8.643532e+005	-1.156935e-007	8.643532e+005	5.512421e+003	2.901768e+003
3.392166476012977e+001	-1.000000e-001	8.643532e+005	-1.156935e-007	8.643532e+005	5.512421e+003	2.901768e+003
3.402406476013317e+001	-1.000000e-001	8.643532e+005	-1.156935e-007	8.643532e+005	5.512421e+003	2.901768e+003
3.412646476013657e+001	-1.000000e-001	8.643532e+005	-1.156935e-007	8.643532e+005	5.512421e+003	2.901768e+003
3.422886476013997e+001	-1.000000e-001	8.643532e+005	-1.156935e-007	8.643532e+005	5.512421e+003	2.901768e+003
3.433126476014337e+001	-1.000000e-001	8.643532e+005	-1.156935e-007	8.643532e+005	5.512421e+003	2.901768e+003
3.443366476014677e+001	-1.000000e-001	8.643532e+005	-1.156935e-007	8.643532e+005	5.512421e+003	2.901768e+003
3.453606476015017e+001	-1.000000e-001	8.643532e+005	-1.156935e-007	8.643532e+005	5.512421e+003	2.901768e+003
3.463846476015357e+001	-1.000000e-001	8.643532e+005	-1.156935e-007	8.643532e+005	5.512421e+003	2.901768e+003
3.474086476015697e+001	-1.000000e-001	8.643532e+005	-1.156935e-007	8.643532e+005	5.512421e+003	2.901768e+003
3.484326476016037e+001	-1.000000e-001	8.643532e+005	-1.156935e-007	8.643532e+005	5.512421e+003	2.901768e+003
3.494566476016377e+001	-1.000000e-001	8.643532e+005	-1.156935e-007	8.643532e+005	5.512421e+003	2.901768e+003
3.504806476016717e+001	-1.000000e-001	8.643532e+005	-1.156935e-007	8.643532e+005	5.512421e+003	2.901768e+003
3.515046476017056e+001	-1.000000e-001	8.643532e+005	-1.156935e-007	8.643532e+005	5.512421e+003	2.901768e+003
3.525286476017396e+001	-1.000000e-001	8.643532e+005	-1.156935e-007	8.643532e+005	5.512421e+003	2.901768e+003
3.535526476017736e+001	-1.000000e-001	8.643532e+005	-1.156935e-007	8.643532e+005	5.512421e+003	2.901768e+003
3.545766476018076e+001	-1.000000e-001	8.643532e+005	-1.156935e-007	8.643532e+005	5.512421e+003	2.901768e+003
3.556006476018416e+001	-1.000000e-001	8.643532e+005	-1.156935e-007	8.643532e+005	5.512421e+003	2.901768e+003
3.566246476018756e+001	-1.000000e-001	8.643532e+005	-1.156935e-007	8.643532e+005	5.512421e+003	2.901768e+003
3.576486476019096e+001	-1.000000e-001	8.643532e+005	-1.156935e-007	8.643532e+005	5.512421e+003	2.901768e+003
3.586726476019436e+001	-1.000000e-001	8.643532e+005	-1.156935e-007	8.643532e+005	5.512421e+003	2.901768e+003
3.596966476019776e+001	-1.000000e-001	8.643532e+005	-1.156935e-007	8.643532e+005	5.512421e+003	2.901768e+003
3.607206476020116e+001	-1.000000e-001	8.643532e+005	-1.156935e-007	8.643532e+005	5.512421e+003	2.901768e+003
3.617446476020456e+001	-1.000000e-001	8.643532e+005	-1.156935e-007	8.643532e+005	5.512421e+003	2.901768e+003
3.627686476020796e+001	-1.000000e-001	8.643532e+005	-1.156935e-007	8.643532e+005	5.512421e+003	2.901768e+003
3.637926476021136e+001	-1.000000e-001	8.643532e+005	-1.156935e-007	8.643532e+005	5.512421e+003	2.901768e+003
3.648166476021476e+001	-1.000000e-001	8.643532e+005	-1.156935e-007	8.643532e+005	5.512421e+003	2.901768e+003
3.658406476021816e+001	-1.000000e-001	8.643532e+005	-1.156935e-007	8.643532e+005	5.512421e+003	2.901768e+003
3.668646476022155e+001	-1.000000e-001	8.643532e+005	-1.156935e-007	8.643532e+005	5.512421e+003	2.901768e+003
3.678886476022495e+001	-1.000000e-001	8.643532e+005	-1.156935e-007	8.643532e+005	5.512421e+003	2.901768e+003
3.689126476022835e+001	-1.000000e-001	8.643532e+005	-1.156935e-007	8.643532e+005	5.512421e+003	2.901768e+003
3.699366476023175e+001	-1.000000e-001	8.643532e+005	-1.156935e-007	8.643532e+005	5.512421e+003	2.901768e+003
3.709606476023515e+001	-1.000000e-001	8.643532e+005	-1.156935e-007	8.643532e+005	5.512421e+003	2.901768e+003
3.719846476023855e+001	-1.000000e-001	8.643532e+005	-1.156935e-007	8.643532e+005	5.512421e+003	2.901768e+003
3.730086476024195e+001	-1.000000e-001	8.643532e+005	-1.156935e-007	8.643532e+005	5.512421e+003	2.901768e+003
3.740326476024535e+001	-1.000000e-001	8.643532e+005	-1.156935e-007	8.643532e+005	5.512421e+003	2.901768e+003
3.750566476024875e+001	-1.000000e-001	8.643532e+005	-1.156935e-007	8.643532e+005	5.512421e+003	2.901768e+003
3.760806476025215e+001	-1.000000e-001	8.643532e+005	-1.156935e-007	8.643532e+005	5.512421e+003	2.901768e+003
3.771046476025555e+001	-1.000000e-001	8.643532e+005	-1.156935e-007	8.643532e+005	5.512421e+003	2.901768e+003
3.781286476025895e+001	-1.000000e-001	8.643532e+005	-1.156935e-007	8.643532e+005	5.512421e+003	2.901768e+003
3.791526476026235e+001	-1.000000e-001	8.643532e+005	-1.156935e-007	8.643532e+005	5.512421e+003	2.901768e+003
3.801766476026575e+001	-1.000000e-001	8.643532e+005	-1.156935e-007	8.643532e+005	5.512421e+003	2.901768e+003
3.812006476026915e+001	-1.000000e-001	8.643532e+005	-1.156935e-007	8.643532e+005	5.512421e+003	2.901768e+003
3.822246476027254e+001	-1.000000e-001	8.643532e+005	-1.156935e-007	8.643532e+005	5.512421e+003	2.901768e+003
3.832486476027594e+001	-1.000000e-001	8.643532e+005	-1.156935e-007	8.643532e+005	5.512421e+003	2.901768e+003
3.842726476027934e+001	-1.000000e-001	8.643532e+005	-1.156935e-007	8.643532e+005	5.512421e+003	2.901768e+003
3.852966476028274e+001	-1.000000e-001	8.643532e+005	-1.156935e-007	8.643532e+005	5.512421e+003	2.901768e+003
3.863206476028614e+001	-1.000000e-001	8.643532e+005	-1.156935e-007	8.643532e+005	5.512421e+003	2.901768e+003
3.873446476028954e+001	-1.000000e-001	8.643532e+005	-1.156935e-007	8.643532e+005	5.512421e+003	2.901768e+003
3.883686476029294e+001	-1.000000e-001	8.643532e+005	-1.156935e-007	8.643532e+005	5.512421e+003	2.901768e+003
3.893926476029634e+001	-1.000000e-001	8.643532e+005	-1.156935e-007	8.643532e+005	5.512421e+003	2.901768e+003
3.899996383522631e+001	-1.000000e-001	8.643532e+005	-1.156935e-007	8.643532e+005	5.512421e+003	2.901768e+003
