time	V(pre)	V(pre)/Ix(U1:TE)	Ix(U1:TE)
0.000000000000000e+000	1.000000e+000	1.558241e+002	6.417492e-003
1.017400617501494e-001	1.000000e+000	1.558242e+002	6.417487e-003
2.041400617535487e-001	1.000000e+000	1.558244e+002	6.417481e-003
3.065400617569480e-001	1.000000e+000	1.558245e+002	6.417476e-003
4.089400617603474e-001	1.000000e+000	1.558246e+002	6.417470e-003
5.113400617637467e-001	1.000000e+000	1.558248e+002	6.417464e-003
6.137400617671460e-001	1.000000e+000	1.558249e+002	6.417459e-003
7.161400617705453e-001	1.000000e+000	1.558251e+002	6.417453e-003
8.185400617739447e-001	1.000000e+000	1.558252e+002	6.417448e-003
9.209400617773440e-001	1.000000e+000	1.558253e+002	6.417442e-003
1.000000000000000e+000	1.000000e+000	1.558254e+002	6.417438e-003
1.000000099999994e+000	6.100000e-001	2.359617e+002	2.585165e-003
1.000000299999996e+000	-1.700000e-001	4.826618e+001	-3.522134e-003
1.000000700000001e+000	-1.730000e+000	5.861551e+000	-2.951437e-001
1.000000999999998e+000	-2.900000e+000	2.919781e+000	-9.932252e-001
1.000001080000004e+000	-2.988000e+000	2.166309e+000	-1.379304e+000
1.000001240000003e+000	-3.164000e+000	1.123744e+000	-2.815587e+000
1.000001560000001e+000	-3.516000e+000	3.029032e-001	-1.160767e+001
1.000001999999995e+000	-4.000000e+000	1.153358e-001	-3.468134e+001
1.000002064000000e+000	-4.000000e+000	1.153358e-001	-3.468133e+001
1.000003983999989e+000	-4.000000e+000	1.153360e-001	-3.468129e+001
1.020133008000329e+000	-4.000000e+000	1.168115e-001	-3.424320e+001
1.122533008003728e+000	-4.000000e+000	1.249433e-001	-3.201453e+001
1.224933008007128e+000	-4.000000e+000	1.342919e-001	-2.978586e+001
1.327333008010527e+000	-4.000000e+000	1.451526e-001	-2.755720e+001
1.429733008013926e+000	-4.000000e+000	1.579247e-001	-2.532853e+001
1.532133008017325e+000	-4.000000e+000	1.731612e-001	-2.309986e+001
1.634533008020725e+000	-4.000000e+000	1.916517e-001	-2.087120e+001
1.736933008024124e+000	-4.000000e+000	2.145631e-001	-1.864253e+001
1.839333008027523e+000	-4.000000e+000	2.436964e-001	-1.641386e+001
1.941733008030923e+000	-4.000000e+000	2.819841e-001	-1.418520e+001
2.000000999999998e+000	-4.000000e+000	3.096686e-001	-1.291703e+001
2.000001099999992e+000	-3.610000e+000	5.834261e-001	-6.187588e+000
2.000001299999994e+000	-2.830000e+000	2.066119e+000	-1.369718e+000
2.000001699999999e+000	-1.270000e+000	1.977691e+001	-6.421631e-002
2.000001999999995e+000	-1.000000e-001	4.795136e+003	-2.085447e-005
2.042765760000989e+000	-1.000000e-001	4.795137e+003	-2.085446e-005
2.145165760004389e+000	-1.000000e-001	4.795137e+003	-2.085446e-005
2.247565760007788e+000	-1.000000e-001	4.795137e+003	-2.085446e-005
2.349965760011187e+000	-1.000000e-001	4.795137e+003	-2.085446e-005
2.400000000000006e+000	-1.000000e-001	4.795137e+003	-2.085447e-005
2.400000100000000e+000	-4.900000e-001	1.224810e+003	-4.000621e-004
2.400000300000002e+000	-1.270000e+000	2.529707e+001	-5.020345e-002
2.400000700000007e+000	-2.830000e+000	7.372521e-001	-3.838578e+000
2.400001000000003e+000	-4.000000e+000	3.096689e-001	-1.291702e+001
2.450564760001257e+000	-4.000000e+000	3.385087e-001	-1.181654e+001
2.552964760004656e+000	-4.000000e+000	4.171938e-001	-9.587870e+000
2.607164760006455e+000	-4.000000e+000	4.757236e-001	-8.408243e+000
2.655364760008055e+000	-4.000000e+000	5.379972e-001	-7.434983e+000
2.707264760009778e+000	-4.000000e+000	6.120250e-001	-6.535681e+000
2.757764760011455e+000	-4.000000e+000	6.917708e-001	-5.782262e+000
2.813064760013290e+000	-4.000000e+000	7.888343e-001	-5.070774e+000
2.860164760014854e+000	-4.000000e+000	8.804218e-001	-4.543277e+000
2.918164760016779e+000	-4.000000e+000	1.005782e+000	-3.977007e+000
2.962564760018253e+000	-4.000000e+000	1.112131e+000	-3.596699e+000
3.022764760020252e+000	-4.000000e+000	1.272385e+000	-3.143703e+000
3.064964760021653e+000	-4.000000e+000	1.396892e+000	-2.863499e+000
3.126964760023711e+000	-4.000000e+000	1.600147e+000	-2.499770e+000
3.167364760025052e+000	-4.000000e+000	1.746937e+000	-2.289721e+000
3.230864760027160e+000	-4.000000e+000	2.003237e+000	-1.996768e+000
3.269764760028451e+000	-4.000000e+000	2.177238e+000	-1.837190e+000
3.334464760030599e+000	-4.000000e+000	2.498617e+000	-1.600886e+000
3.372164760031851e+000	-4.000000e+000	2.706115e+000	-1.478134e+000
3.400001000000003e+000	-4.000000e+000	2.869746e+000	-1.393852e+000
3.400001099999997e+000	-3.610000e+000	5.404418e+000	-6.679720e-001
3.400001300000000e+000	-2.830000e+000	1.911458e+001	-1.480545e-001
3.400001700000004e+000	-1.270000e+000	1.823120e+002	-6.966078e-003
3.400002000000001e+000	-1.000000e-001	4.267644e+004	-2.343213e-006
3.472865760001994e+000	-1.000000e-001	4.267644e+004	-2.343213e-006
3.575265760005394e+000	-1.000000e-001	4.267644e+004	-2.343213e-006
3.677665760008793e+000	-1.000000e-001	4.267644e+004	-2.343213e-006
3.780065760012192e+000	-1.000000e-001	4.267644e+004	-2.343213e-006
3.800000000000011e+000	-1.000000e-001	4.267644e+004	-2.343214e-006
3.800000100000005e+000	-4.900000e-001	1.108197e+004	-4.421598e-005
3.800000300000008e+000	-1.270000e+000	2.331774e+002	-5.446496e-003
3.800000699999998e+000	-2.830000e+000	6.830888e+000	-4.142946e-001
3.800000999999995e+000	-4.000000e+000	2.869749e+000	-1.393850e+000
3.865864759999440e+000	-4.000000e+000	3.295408e+000	-1.213810e+000
3.880664759999931e+000	-4.000000e+000	3.399056e+000	-1.176797e+000
3.947164760002139e+000	-4.000000e+000	3.904704e+000	-1.024405e+000
3.983064760003330e+000	-4.000000e+000	4.207020e+000	-9.507917e-001
4.050164760005558e+000	-4.000000e+000	4.833748e+000	-8.275152e-001
4.085464760006730e+000	-4.000000e+000	5.198773e+000	-7.694123e-001
4.153164760008977e+000	-4.000000e+000	5.974970e+000	-6.694595e-001
4.187864760010129e+000	-4.000000e+000	6.415241e+000	-6.235151e-001
4.256064760012393e+000	-4.000000e+000	7.374135e+000	-5.424365e-001
4.290264760013528e+000	-4.000000e+000	7.905993e+000	-5.059453e-001
4.358864760015806e+000	-4.000000e+000	9.087400e+000	-4.401699e-001
4.392664760016928e+000	-4.000000e+000	9.730829e+000	-4.110647e-001
4.461664760019218e+000	-4.000000e+000	1.118440e+001	-3.576410e-001
4.495064760020327e+000	-4.000000e+000	1.196155e+001	-3.344047e-001
4.564364760022627e+000	-4.000000e+000	1.374426e+001	-2.910306e-001
4.597464760023726e+000	-4.000000e+000	1.468385e+001	-2.724081e-001
4.667164760026040e+000	-4.000000e+000	1.686917e+001	-2.371190e-001
4.699864760027126e+000	-4.000000e+000	1.799922e+001	-2.222319e-001
4.769964760029453e+000	-4.000000e+000	2.067147e+001	-1.935034e-001
4.800000999999995e+000	-4.000000e+000	2.192906e+001	-1.824064e-001
4.800001099999989e+000	-3.610000e+000	4.116844e+001	-8.768854e-002
4.800001299999991e+000	-2.830000e+000	1.442433e+002	-1.961963e-002
4.800001699999996e+000	-1.270000e+000	1.340656e+003	-9.472971e-004
4.800001999999992e+000	-1.000000e-001	2.518231e+005	-3.971043e-007
4.800565759999586e+000	-1.000000e-001	2.518231e+005	-3.971042e-007
4.902965760002985e+000	-1.000000e-001	2.518231e+005	-3.971042e-007
5.005365760006384e+000	-1.000000e-001	2.518231e+005	-3.971042e-007
5.107765760009784e+000	-1.000000e-001	2.518231e+005	-3.971042e-007
5.200000000000003e+000	-1.000000e-001	2.518231e+005	-3.971043e-007
5.200000099999997e+000	-4.900000e-001	7.200101e+004	-6.805460e-006
5.200000299999999e+000	-1.270000e+000	1.713560e+003	-7.411469e-004
5.200000700000004e+000	-2.830000e+000	5.212190e+001	-5.429579e-002
5.200001000000000e+000	-4.000000e+000	2.192908e+001	-1.824062e-001
5.208364759999853e+000	-4.000000e+000	2.229205e+001	-1.794361e-001
5.278864760002193e+000	-4.000000e+000	2.558712e+001	-1.563287e-001
5.310764760003252e+000	-4.000000e+000	2.722526e+001	-1.469224e-001
5.381664760005606e+000	-4.000000e+000	3.122702e+001	-1.280942e-001
5.413164760006652e+000	-4.000000e+000	3.317644e+001	-1.205675e-001
5.484664760009025e+000	-4.000000e+000	3.802949e+001	-1.051815e-001
5.515564760010051e+000	-4.000000e+000	4.032342e+001	-9.919792e-002
5.587564760012441e+000	-4.000000e+000	4.616880e+001	-8.663859e-002
5.617964760013450e+000	-4.000000e+000	4.886022e+001	-8.186618e-002
5.690764760015867e+000	-4.000000e+000	5.588694e+001	-7.157308e-002
5.720364760016850e+000	-4.000000e+000	5.899153e+001	-6.780635e-002
5.793964760019293e+000	-4.000000e+000	6.737400e+001	-5.937008e-002
5.822764760020249e+000	-4.000000e+000	7.092349e+001	-5.639880e-002
5.897364760022725e+000	-4.000000e+000	8.086195e+001	-4.946702e-002
5.925164760023648e+000	-4.000000e+000	8.485016e+001	-4.714192e-002
6.000964760026164e+000	-4.000000e+000	9.654197e+001	-4.143276e-002
6.027564760027047e+000	-4.000000e+000	1.009351e+002	-3.962941e-002
6.104864760029614e+000	-4.000000e+000	1.145770e+002	-3.491103e-002
6.129964760030447e+000	-4.000000e+000	1.192890e+002	-3.353200e-002
6.200001000000000e+000	-4.000000e+000	1.331695e+002	-3.003691e-002
6.200001099999994e+000	-3.610000e+000	2.455212e+002	-1.470342e-002
6.200001299999997e+000	-2.830000e+000	8.165639e+002	-3.465742e-003
6.200001700000001e+000	-1.270000e+000	6.674188e+003	-1.902853e-004
6.200001999999998e+000	-1.000000e-001	6.564587e+005	-1.523325e-007
6.230665760000591e+000	-1.000000e-001	6.564587e+005	-1.523325e-007
6.333065760003990e+000	-1.000000e-001	6.564587e+005	-1.523325e-007
6.435465760007389e+000	-1.000000e-001	6.564587e+005	-1.523325e-007
6.537865760010789e+000	-1.000000e-001	6.564587e+005	-1.523325e-007
6.600000000000009e+000	-1.000000e-001	6.564586e+005	-1.523326e-007
6.600000100000003e+000	-4.900000e-001	2.333161e+005	-2.100156e-006
6.600000300000005e+000	-1.270000e+000	8.504538e+003	-1.493320e-004
6.600000699999995e+000	-2.830000e+000	3.138527e+002	-9.016967e-003
6.600000999999992e+000	-4.000000e+000	1.331696e+002	-3.003688e-002
6.638464759998527e+000	-4.000000e+000	1.412468e+002	-2.831923e-002
6.719764760001226e+000	-4.000000e+000	1.593456e+002	-2.510267e-002
6.740864760001927e+000	-4.000000e+000	1.642621e+002	-2.435133e-002
6.824764760004712e+000	-4.000000e+000	1.846414e+002	-2.166361e-002
6.843264760005326e+000	-4.000000e+000	1.893020e+002	-2.113025e-002
6.930164760008211e+000	-4.000000e+000	2.118981e+002	-1.887700e-002
6.945664760008725e+000	-4.000000e+000	2.160372e+002	-1.851533e-002
7.036264760011733e+000	-4.000000e+000	2.407447e+002	-1.661511e-002
7.048064760012125e+000	-4.000000e+000	2.440152e+002	-1.639242e-002
7.142964760015275e+000	-4.000000e+000	2.705751e+002	-1.478332e-002
7.150464760015524e+000	-4.000000e+000	2.726854e+002	-1.466892e-002
7.250464760018843e+000	-4.000000e+000	3.007698e+002	-1.329921e-002
7.252864760018923e+000	-4.000000e+000	3.014400e+002	-1.326964e-002
7.355264760022322e+000	-4.000000e+000	3.296638e+002	-1.213357e-002
7.457664760025722e+000	-4.000000e+000	3.567862e+002	-1.121120e-002
7.560064760029121e+000	-4.000000e+000	3.823249e+002	-1.046231e-002
7.600000999999992e+000	-4.000000e+000	3.917728e+002	-1.021000e-002
7.600001099999986e+000	-3.610000e+000	6.933900e+002	-5.206306e-003
7.600001299999988e+000	-2.830000e+000	2.075183e+003	-1.363735e-003
7.600001699999993e+000	-1.270000e+000	1.383744e+004	-9.177997e-005
7.600001999999989e+000	-1.000000e-001	8.300004e+005	-1.204819e-007
7.660765760001581e+000	-1.000000e-001	8.300005e+005	-1.204819e-007
7.763165760004981e+000	-1.000000e-001	8.300005e+005	-1.204819e-007
7.865565760008380e+000	-1.000000e-001	8.300005e+005	-1.204819e-007
7.967965760011779e+000	-1.000000e-001	8.300005e+005	-1.204819e-007
8.000000000000000e+000	-1.000000e-001	8.300005e+005	-1.204819e-007
8.000000099999994e+000	-4.900000e-001	3.293270e+005	-1.487883e-006
8.000000299999996e+000	-1.270000e+000	1.756016e+004	-7.232279e-005
8.000000700000001e+000	-2.830000e+000	9.055680e+002	-3.125110e-003
8.000000999999998e+000	-4.000000e+000	3.917730e+002	-1.021000e-002
8.068564760001848e+000	-4.000000e+000	4.072537e+002	-9.821888e-003
8.170964760005248e+000	-4.000000e+000	4.285273e+002	-9.334294e-003
8.273364760008647e+000	-4.000000e+000	4.475073e+002	-8.938401e-003
8.375764760012046e+000	-4.000000e+000	4.642007e+002	-8.616962e-003
8.478164760015446e+000	-4.000000e+000	4.786995e+002	-8.355973e-003
8.580564760018845e+000	-4.000000e+000	4.911552e+002	-8.144065e-003
8.682964760022244e+000	-4.000000e+000	5.017557e+002	-7.972008e-003
8.785364760025644e+000	-4.000000e+000	5.107052e+002	-7.832306e-003
8.887764760029043e+000	-4.000000e+000	5.182101e+002	-7.718877e-003
8.990164760032442e+000	-4.000000e+000	5.244679e+002	-7.626778e-003
9.000000999999998e+000	-4.000000e+000	5.250102e+002	-7.618899e-003
9.000001099999992e+000	-3.610000e+000	9.104284e+002	-3.965166e-003
9.000001299999980e+000	-2.830000e+000	2.598638e+003	-1.089032e-003
9.000001699999984e+000	-1.270000e+000	1.609496e+004	-7.890671e-005
9.000001999999995e+000	-1.000000e-001	8.597016e+005	-1.163195e-007
9.090865760002600e+000	-1.000000e-001	8.597016e+005	-1.163194e-007
9.193265760006000e+000	-1.000000e-001	8.597016e+005	-1.163194e-007
9.295665760009399e+000	-1.000000e-001	8.597016e+005	-1.163194e-007
9.398065760012798e+000	-1.000000e-001	8.597016e+005	-1.163194e-007
9.400000000000006e+000	-1.000000e-001	8.597016e+005	-1.163195e-007
9.400000100000000e+000	-4.900000e-001	3.480442e+005	-1.407867e-006
9.400000299999988e+000	-1.270000e+000	2.039874e+004	-6.225875e-005
9.400000699999993e+000	-2.830000e+000	1.201634e+003	-2.355127e-003
9.400001000000003e+000	-4.000000e+000	5.250102e+002	-7.618899e-003
9.498664760002868e+000	-4.000000e+000	5.299406e+002	-7.548016e-003
9.601064760006267e+000	-4.000000e+000	5.341847e+002	-7.488047e-003
9.703464760009666e+000	-4.000000e+000	5.376810e+002	-7.439356e-003
9.805864760013066e+000	-4.000000e+000	5.405536e+002	-7.399821e-003
9.908264760016465e+000	-4.000000e+000	5.429088e+002	-7.367720e-003
1.001066476001986e+001	-4.000000e+000	5.448362e+002	-7.341656e-003
1.011306476002326e+001	-4.000000e+000	5.464112e+002	-7.320494e-003
1.021546476002666e+001	-4.000000e+000	5.476968e+002	-7.303311e-003
1.031786476003006e+001	-4.000000e+000	5.487451e+002	-7.289359e-003
1.040000100000000e+001	-4.000000e+000	5.494438e+002	-7.280089e-003
1.040000110000000e+001	-3.610000e+000	9.492816e+002	-3.802876e-003
1.040000129999999e+001	-2.830000e+000	2.687273e+003	-1.053112e-003
1.040000169999999e+001	-1.270000e+000	1.644579e+004	-7.722340e-005
1.040000200000000e+001	-1.000000e-001	8.637432e+005	-1.157752e-007
1.041856576000021e+001	-1.000000e-001	8.637432e+005	-1.157752e-007
1.052096576000361e+001	-1.000000e-001	8.637432e+005	-1.157752e-007
1.062336576000701e+001	-1.000000e-001	8.637432e+005	-1.157752e-007
1.072576576001040e+001	-1.000000e-001	8.637432e+005	-1.157752e-007
1.080000000000001e+001	-1.000000e-001	8.637432e+005	-1.157752e-007
1.080000010000001e+001	-4.900000e-001	3.506501e+005	-1.397405e-006
1.080000029999999e+001	-1.270000e+000	2.083922e+004	-6.094278e-005
1.080000070000000e+001	-2.830000e+000	1.255298e+003	-2.254445e-003
1.080000100000001e+001	-4.000000e+000	5.494438e+002	-7.280089e-003
1.082636476000047e+001	-4.000000e+000	5.496448e+002	-7.277427e-003
1.092876476000387e+001	-4.000000e+000	5.503318e+002	-7.268343e-003
1.103116476000727e+001	-4.000000e+000	5.508908e+002	-7.260967e-003
1.113356476001067e+001	-4.000000e+000	5.513456e+002	-7.254978e-003
1.123596476001407e+001	-4.000000e+000	5.517154e+002	-7.250115e-003
1.133836476001747e+001	-4.000000e+000	5.520161e+002	-7.246166e-003
1.144076476002087e+001	-4.000000e+000	5.522604e+002	-7.242960e-003
1.154316476002427e+001	-4.000000e+000	5.524589e+002	-7.240357e-003
1.164556476002767e+001	-4.000000e+000	5.526202e+002	-7.238244e-003
1.174796476003107e+001	-4.000000e+000	5.527513e+002	-7.236527e-003
1.180000100000001e+001	-4.000000e+000	5.528082e+002	-7.235783e-003
1.180000110000000e+001	-3.610000e+000	9.546090e+002	-3.781653e-003
1.180000129999999e+001	-2.830000e+000	2.699313e+003	-1.048415e-003
1.180000170000000e+001	-1.270000e+000	1.649281e+004	-7.700327e-005
1.180000200000001e+001	-1.000000e-001	8.642745e+005	-1.157040e-007
1.184866576000121e+001	-1.000000e-001	8.642745e+005	-1.157040e-007
1.195106576000461e+001	-1.000000e-001	8.642745e+005	-1.157040e-007
1.205346576000801e+001	-1.000000e-001	8.642745e+005	-1.157040e-007
1.215586576001141e+001	-1.000000e-001	8.642745e+005	-1.157040e-007
1.220000000000002e+001	-1.000001e-001	8.642745e+005	-1.157041e-007
1.220000010000001e+001	-4.900000e-001	3.509937e+005	-1.396037e-006
1.220000030000000e+001	-1.270000e+000	2.089823e+004	-6.077069e-005
1.220000069999998e+001	-2.830000e+000	1.262672e+003	-2.241278e-003
1.220000099999999e+001	-4.000000e+000	5.528082e+002	-7.235782e-003
1.225646475999679e+001	-4.000000e+000	5.528634e+002	-7.235060e-003
1.235886476000019e+001	-4.000000e+000	5.529488e+002	-7.233942e-003
1.246126476000359e+001	-4.000000e+000	5.530182e+002	-7.233035e-003
1.256366476000699e+001	-4.000000e+000	5.530745e+002	-7.232299e-003
1.266606476001039e+001	-4.000000e+000	5.531203e+002	-7.231700e-003
1.276846476001379e+001	-4.000000e+000	5.531574e+002	-7.231215e-003
1.287086476001718e+001	-4.000000e+000	5.531876e+002	-7.230820e-003
1.297326476002058e+001	-4.000000e+000	5.532121e+002	-7.230500e-003
1.307566476002398e+001	-4.000000e+000	5.532320e+002	-7.230240e-003
1.317806476002738e+001	-4.000000e+000	5.532481e+002	-7.230029e-003
1.320000099999999e+001	-4.000000e+000	5.532512e+002	-7.229989e-003
1.320000109999998e+001	-3.610000e+000	9.553101e+002	-3.778878e-003
1.320000129999997e+001	-2.830000e+000	2.700895e+003	-1.047801e-003
1.320000169999997e+001	-1.270000e+000	1.649897e+004	-7.697451e-005
1.320000199999998e+001	-1.000001e-001	8.643441e+005	-1.156947e-007
1.327876576000219e+001	-1.000000e-001	8.643441e+005	-1.156947e-007
1.338116576000559e+001	-1.000000e-001	8.643441e+005	-1.156947e-007
1.348356576000899e+001	-1.000000e-001	8.643441e+005	-1.156947e-007
1.358596576001239e+001	-1.000000e-001	8.643441e+005	-1.156947e-007
1.359999999999999e+001	-1.000000e-001	8.643441e+005	-1.156947e-007
1.360000009999999e+001	-4.899999e-001	3.510387e+005	-1.395857e-006
1.360000029999998e+001	-1.270000e+000	2.090597e+004	-6.074818e-005
1.360000069999998e+001	-2.830000e+000	1.263643e+003	-2.239557e-003
1.360000099999999e+001	-4.000000e+000	5.532512e+002	-7.229989e-003
1.368656476000245e+001	-4.000000e+000	5.532619e+002	-7.229849e-003
1.378896476000585e+001	-4.000000e+000	5.532725e+002	-7.229711e-003
1.389136476000925e+001	-4.000000e+000	5.532810e+002	-7.229600e-003
1.399376476001265e+001	-4.000000e+000	5.532879e+002	-7.229509e-003
1.409616476001605e+001	-4.000000e+000	5.532936e+002	-7.229435e-003
1.419856476001945e+001	-4.000000e+000	5.532981e+002	-7.229376e-003
1.430096476002285e+001	-4.000000e+000	5.533018e+002	-7.229327e-003
1.440336476002625e+001	-4.000000e+000	5.533049e+002	-7.229288e-003
1.450576476002965e+001	-4.000000e+000	5.533073e+002	-7.229256e-003
1.460000099999999e+001	-4.000000e+000	5.533091e+002	-7.229232e-003
1.460000109999999e+001	-3.610000e+000	9.554018e+002	-3.778515e-003
1.460000129999997e+001	-2.830000e+000	2.701102e+003	-1.047720e-003
1.460000169999998e+001	-1.270000e+000	1.649978e+004	-7.697073e-005
1.460000199999999e+001	-1.000000e-001	8.643531e+005	-1.156935e-007
1.460646575999979e+001	-1.000000e-001	8.643532e+005	-1.156935e-007
1.470886576000319e+001	-1.000000e-001	8.643532e+005	-1.156935e-007
1.481126576000659e+001	-1.000000e-001	8.643532e+005	-1.156935e-007
1.491366576000999e+001	-1.000000e-001	8.643532e+005	-1.156935e-007
1.501426476000006e+001	-1.000000e-001	8.643532e+005	-1.156935e-007
1.511666476000346e+001	-1.000000e-001	8.643532e+005	-1.156935e-007
1.521906476000686e+001	-1.000000e-001	8.643532e+005	-1.156935e-007
1.532146476001026e+001	-1.000000e-001	8.643532e+005	-1.156935e-007
1.542386476001366e+001	-1.000000e-001	8.643532e+005	-1.156935e-007
1.552626476001706e+001	-1.000000e-001	8.643532e+005	-1.156935e-007
1.562866476002046e+001	-1.000000e-001	8.643532e+005	-1.156935e-007
1.573106476002386e+001	-1.000000e-001	8.643532e+005	-1.156935e-007
1.583346476002726e+001	-1.000000e-001	8.643532e+005	-1.156935e-007
1.593586476003065e+001	-1.000000e-001	8.643532e+005	-1.156935e-007
1.600000000000000e+001	-1.000000e-001	8.643532e+005	-1.156935e-007
1.600000009999999e+001	-2.000001e-002	-7.236491e+003	2.763771e-006
1.600000029999998e+001	1.400000e-001	3.646019e+003	3.839804e-005
1.600000069999999e+001	4.600000e-001	2.019891e+003	2.277351e-004
1.600000082296339e+001	5.583707e-001	1.459636e+003	3.825411e-004
1.600000090827462e+001	6.266197e-001	1.036432e+003	6.045931e-004
1.600000100000000e+001	7.000000e-001	7.402556e+002	9.456194e-004
1.603606363859865e+001	7.000000e-001	7.397045e+002	9.463238e-004
1.613846363860205e+001	7.000000e-001	7.381443e+002	9.483240e-004
1.624086363860545e+001	7.000000e-001	7.365907e+002	9.503242e-004
1.634326363860885e+001	7.000000e-001	7.350436e+002	9.523244e-004
1.644566363861225e+001	7.000000e-001	7.335030e+002	9.543246e-004
1.654806363861565e+001	7.000000e-001	7.319689e+002	9.563248e-004
1.665046363861904e+001	7.000000e-001	7.304411e+002	9.583250e-004
1.675286363862244e+001	7.000000e-001	7.289197e+002	9.603252e-004
1.685526363862584e+001	7.000000e-001	7.274046e+002	9.623254e-004
1.695766363862924e+001	7.000000e-001	7.258959e+002	9.643256e-004
1.700000100000000e+001	7.000000e-001	7.252739e+002	9.651526e-004
1.700000109999999e+001	6.200000e-001	9.784308e+002	6.336677e-004
1.700000129999998e+001	4.600000e-001	1.614578e+003	2.849042e-004
1.700000169999998e+001	1.400000e-001	2.831818e+003	4.943821e-005
1.700000200000000e+001	-9.999999e-002	4.376374e+004	-2.284997e-006
1.705806576000151e+001	-1.000000e-001	4.376374e+004	-2.284997e-006
1.716046576000491e+001	-1.000000e-001	4.376374e+004	-2.284997e-006
1.726286576000831e+001	-1.000000e-001	4.376374e+004	-2.284997e-006
1.736526576001171e+001	-1.000000e-001	4.376374e+004	-2.284997e-006
1.740000000000001e+001	-9.999999e-002	4.376374e+004	-2.284997e-006
1.740000010000000e+001	-2.000000e-002	-9.274395e+003	2.156475e-006
1.740000029999999e+001	1.400000e-001	3.422552e+003	4.090514e-005
1.740000069999999e+001	4.600000e-001	1.227723e+003	3.746774e-004
1.740000100000000e+001	7.000000e-001	7.252739e+002	9.651526e-004
1.746586476000178e+001	7.000000e-001	7.243084e+002	9.664391e-004
1.756826476000518e+001	7.000000e-001	7.228124e+002	9.684394e-004
1.767066476000858e+001	7.000000e-001	7.213226e+002	9.704396e-004
1.777306476001198e+001	7.000000e-001	7.198389e+002	9.724398e-004
1.787546476001538e+001	7.000000e-001	7.183613e+002	9.744400e-004
1.797786476001878e+001	7.000000e-001	7.168898e+002	9.764402e-004
1.808026476002218e+001	7.000000e-001	7.154243e+002	9.784404e-004
1.818266476002557e+001	7.000000e-001	7.139647e+002	9.804406e-004
1.828506476002897e+001	7.000000e-001	7.125111e+002	9.824408e-004
1.838746476003237e+001	7.000000e-001	7.110634e+002	9.844410e-004
1.840000100000000e+001	7.000000e-001	7.108866e+002	9.846858e-004
1.840000110000000e+001	6.200000e-001	9.535902e+002	6.501745e-004
1.840000129999999e+001	4.600000e-001	1.555237e+003	2.957748e-004
1.840000169999999e+001	1.400000e-001	2.695285e+003	5.194256e-005
1.840000200000000e+001	-1.000000e-001	2.245022e+004	-4.454300e-006
1.848816576000252e+001	-1.000000e-001	2.245022e+004	-4.454300e-006
1.859056576000592e+001	-1.000000e-001	2.245022e+004	-4.454300e-006
1.869296576000932e+001	-1.000000e-001	2.245022e+004	-4.454300e-006
1.879536576001271e+001	-1.000000e-001	2.245022e+004	-4.454300e-006
1.880000000000001e+001	-9.999999e-002	2.245022e+004	-4.454299e-006
1.880000010000001e+001	-2.000000e-002	-1.291006e+004	1.549179e-006
1.880000029999999e+001	1.400000e-001	3.224897e+003	4.341224e-005
1.880000070000000e+001	4.600000e-001	1.192738e+003	3.856671e-004
1.880000100000001e+001	7.000000e-001	7.108866e+002	9.846858e-004
1.889596476000278e+001	7.000000e-001	7.095359e+002	9.865604e-004
1.899836476000618e+001	7.000000e-001	7.081002e+002	9.885606e-004
1.910076476000958e+001	7.000000e-001	7.066704e+002	9.905607e-004
1.920316476001298e+001	7.000000e-001	7.052463e+002	9.925610e-004
1.930556476001638e+001	7.000000e-001	7.038279e+002	9.945612e-004
1.940796476001978e+001	7.000000e-001	7.024162e+002	9.965602e-004
1.951036476002318e+001	7.000000e-001	7.010193e+002	9.985459e-004
1.961276476002658e+001	7.000000e-001	6.996396e+002	1.000515e-003
1.971516476002998e+001	7.000000e-001	6.982766e+002	1.002468e-003
1.980000100000001e+001	7.000000e-001	6.971599e+002	1.004074e-003
1.980000110000000e+001	6.200000e-001	9.301511e+002	6.665584e-004
1.980000129999999e+001	4.600000e-001	1.500499e+003	3.065646e-004
1.980000170000000e+001	1.400000e-001	2.572192e+003	5.442828e-005
1.980000200000001e+001	-1.000000e-001	1.513439e+004	-6.607467e-006
1.981586576000012e+001	-1.000000e-001	1.513439e+004	-6.607467e-006
1.991826576000352e+001	-1.000000e-001	1.513439e+004	-6.607467e-006
2.002066576000692e+001	-1.000000e-001	1.513439e+004	-6.607467e-006
2.012306576001032e+001	-1.000000e-001	1.513439e+004	-6.607467e-006
2.020000000000002e+001	-9.999999e-002	1.513439e+004	-6.607466e-006
2.020000010000001e+001	-1.999999e-002	-2.113269e+004	9.464004e-007
2.020000030000000e+001	1.400000e-001	3.050063e+003	4.590068e-005
2.020000069999998e+001	4.600000e-001	1.159932e+003	3.965751e-004
2.020000099999999e+001	7.000000e-001	6.971599e+002	1.004074e-003
2.022366475999570e+001	7.000000e-001	6.968503e+002	1.004520e-003
2.032606475999910e+001	7.000000e-001	6.955208e+002	1.006440e-003
2.042846476000250e+001	7.000000e-001	6.942071e+002	1.008345e-003
2.053086476000590e+001	7.000000e-001	6.929089e+002	1.010234e-003
2.063326476000930e+001	7.000000e-001	6.916259e+002	1.012108e-003
2.073566476001270e+001	7.000000e-001	6.903578e+002	1.013967e-003
2.083806476001610e+001	7.000000e-001	6.891043e+002	1.015811e-003
2.094046476001950e+001	7.000000e-001	6.878652e+002	1.017641e-003
2.104286476002289e+001	7.000000e-001	6.866402e+002	1.019457e-003
2.114526476002629e+001	7.000000e-001	6.854291e+002	1.021258e-003
2.120000099999999e+001	7.000000e-001	6.847873e+002	1.022215e-003
2.120000109999998e+001	6.200000e-001	9.092388e+002	6.818891e-004
2.120000129999997e+001	4.600000e-001	1.452659e+003	3.166607e-004
2.120000169999997e+001	1.400000e-001	2.466779e+003	5.675419e-005
2.120000199999998e+001	-9.999999e-002	1.159797e+004	-8.622195e-006
2.124596576000110e+001	-1.000000e-001	1.159797e+004	-8.622196e-006
2.134836576000450e+001	-1.000000e-001	1.159797e+004	-8.622196e-006
2.145076576000790e+001	-1.000000e-001	1.159797e+004	-8.622196e-006
2.155316576001130e+001	-1.000000e-001	1.159797e+004	-8.622196e-006
2.159999999999999e+001	-1.000000e-001	1.159797e+004	-8.622196e-006
2.160000009999999e+001	-2.000001e-002	-5.230463e+004	3.823755e-007
2.160000029999998e+001	1.400000e-001	2.902809e+003	4.822914e-005
2.160000069999998e+001	4.600000e-001	1.130827e+003	4.067818e-004
2.160000099999999e+001	7.000000e-001	6.847873e+002	1.022215e-003
2.165376476000137e+001	7.000000e-001	6.841606e+002	1.023152e-003
2.175616476000477e+001	7.000000e-001	6.829772e+002	1.024924e-003
2.185856476000816e+001	7.000000e-001	6.818069e+002	1.026684e-003
2.196096476001156e+001	7.000000e-001	6.806496e+002	1.028429e-003
2.206336476001496e+001	7.000000e-001	6.795048e+002	1.030162e-003
2.216576476001836e+001	7.000000e-001	6.783725e+002	1.031881e-003
2.226816476002176e+001	7.000000e-001	6.772525e+002	1.033588e-003
2.237056476002516e+001	7.000000e-001	6.761443e+002	1.035282e-003
2.247296476002856e+001	7.000000e-001	6.750481e+002	1.036963e-003
2.257536476003196e+001	7.000000e-001	6.739634e+002	1.038632e-003
2.260000099999999e+001	7.000000e-001	6.737042e+002	1.039032e-003
2.260000109999999e+001	6.200000e-001	8.906767e+002	6.960999e-004
2.260000129999997e+001	4.600000e-001	1.410959e+003	3.260193e-004
2.260000169999998e+001	1.400000e-001	2.376499e+003	5.891021e-005
2.260000199999999e+001	-9.999999e-002	9.533096e+003	-1.048977e-005
2.267606576000210e+001	-1.000000e-001	9.533096e+003	-1.048977e-005
2.277846576000550e+001	-1.000000e-001	9.533096e+003	-1.048977e-005
2.288086576000890e+001	-1.000000e-001	9.533096e+003	-1.048977e-005
2.298326576001230e+001	-1.000000e-001	9.533096e+003	-1.048977e-005
2.300000000000000e+001	-1.000000e-001	9.533096e+003	-1.048977e-005
2.300000009999999e+001	-2.000001e-002	1.423977e+005	-1.404517e-007
2.300000029999998e+001	1.400000e-001	2.778465e+003	5.038752e-005
2.300000069999999e+001	4.600000e-001	1.105124e+003	4.162430e-004
2.300000100000000e+001	7.000000e-001	6.737042e+002	1.039032e-003
2.308386476000237e+001	7.000000e-001	6.728266e+002	1.040387e-003
2.318626476000577e+001	7.000000e-001	6.717653e+002	1.042031e-003
2.328866476000917e+001	7.000000e-001	6.707149e+002	1.043662e-003
2.339106476001257e+001	7.000000e-001	6.696754e+002	1.045282e-003
2.349346476001597e+001	7.000000e-001	6.686467e+002	1.046891e-003
2.359586476001937e+001	7.000000e-001	6.676284e+002	1.048487e-003
2.369826476002277e+001	7.000000e-001	6.666203e+002	1.050073e-003
2.380066476002617e+001	7.000000e-001	6.656225e+002	1.051647e-003
2.390306476002957e+001	7.000000e-001	6.646347e+002	1.053210e-003
2.400000100000000e+001	7.000000e-001	6.637086e+002	1.054680e-003
2.400000109999999e+001	6.200000e-001	8.740723e+002	7.093234e-004
2.400000129999998e+001	4.600000e-001	1.374251e+003	3.347277e-004
2.400000169999998e+001	1.400000e-001	2.298231e+003	6.091643e-005
2.400000200000000e+001	-9.999999e-002	8.178224e+003	-1.222759e-005
2.400376575999971e+001	-1.000000e-001	8.178224e+003	-1.222759e-005
2.410616576000311e+001	-1.000000e-001	8.178224e+003	-1.222759e-005
2.420856576000651e+001	-1.000000e-001	8.178224e+003	-1.222759e-005
2.431096576000991e+001	-1.000000e-001	8.178224e+003	-1.222759e-005
2.440000000000001e+001	-9.999999e-002	8.178224e+003	-1.222759e-005
2.440000010000000e+001	-2.000000e-002	3.190026e+004	-6.269542e-007
2.440000029999999e+001	1.400000e-001	2.671962e+003	5.239595e-005
2.440000069999999e+001	4.600000e-001	1.082234e+003	4.250468e-004
2.440000100000000e+001	7.000000e-001	6.637086e+002	1.054680e-003
2.441156475999998e+001	7.000000e-001	6.635987e+002	1.054854e-003
2.451396476000338e+001	7.000000e-001	6.626310e+002	1.056395e-003
2.461636476000678e+001	7.000000e-001	6.616727e+002	1.057925e-003
2.471876476001017e+001	7.000000e-001	6.607239e+002	1.059444e-003
2.482116476001357e+001	7.000000e-001	6.597843e+002	1.060953e-003
2.492356476001697e+001	7.000000e-001	6.588537e+002	1.062451e-003
2.502596476002037e+001	7.000000e-001	6.579322e+002	1.063939e-003
2.512836476002377e+001	7.000000e-001	6.570194e+002	1.065418e-003
2.523076476002717e+001	7.000000e-001	6.561153e+002	1.066886e-003
2.533316476003057e+001	7.000000e-001	6.552197e+002	1.068344e-003
2.540000100000000e+001	7.000000e-001	6.546398e+002	1.069290e-003
2.540000110000000e+001	6.200000e-001	8.591181e+002	7.216703e-004
2.540000129999999e+001	4.600000e-001	1.341660e+003	3.428588e-004
2.540000169999999e+001	1.400000e-001	2.229667e+003	6.278965e-005
2.540000200000000e+001	-1.000000e-001	7.220109e+003	-1.385021e-005
2.543386576000071e+001	-1.000000e-001	7.220109e+003	-1.385021e-005
2.553626576000411e+001	-1.000000e-001	7.220109e+003	-1.385021e-005
2.563866576000751e+001	-1.000000e-001	7.220109e+003	-1.385021e-005
2.574106576001091e+001	-1.000000e-001	7.220109e+003	-1.385021e-005
2.580000000000001e+001	-9.999999e-002	7.220108e+003	-1.385021e-005
2.580000010000001e+001	-1.999999e-002	1.849789e+004	-1.081204e-006
2.580000029999999e+001	1.400000e-001	2.579636e+003	5.427123e-005
2.580000070000000e+001	4.600000e-001	1.061701e+003	4.332670e-004
2.580000100000001e+001	7.000000e-001	6.546398e+002	1.069290e-003
2.584166476000098e+001	7.000000e-001	6.542801e+002	1.069878e-003
2.594406476000438e+001	7.000000e-001	6.534017e+002	1.071316e-003
2.604646476000778e+001	7.000000e-001	6.525315e+002	1.072745e-003
2.614886476001118e+001	7.000000e-001	6.516694e+002	1.074164e-003
2.625126476001458e+001	7.000000e-001	6.508152e+002	1.075574e-003
2.635366476001798e+001	7.000000e-001	6.499688e+002	1.076975e-003
2.645606476002138e+001	7.000000e-001	6.491301e+002	1.078366e-003
2.655846476002478e+001	7.000000e-001	6.482990e+002	1.079749e-003
2.666086476002818e+001	7.000000e-001	6.474754e+002	1.081122e-003
2.676326476003158e+001	7.000000e-001	6.466591e+002	1.082487e-003
2.680000100000001e+001	7.000000e-001	6.463681e+002	1.082974e-003
2.680000110000000e+001	6.200000e-001	8.455692e+002	7.332339e-004
2.680000129999999e+001	4.600000e-001	1.312508e+003	3.504741e-004
2.680000170000000e+001	1.400000e-001	2.169061e+003	6.454405e-005
2.680000200000001e+001	-1.000000e-001	6.506225e+003	-1.536990e-005
2.686396576000172e+001	-1.000000e-001	6.506225e+003	-1.536990e-005
2.696636576000512e+001	-1.000000e-001	6.506225e+003	-1.536990e-005
2.706876576000852e+001	-1.000000e-001	6.506225e+003	-1.536990e-005
2.717116576001192e+001	-1.000000e-001	6.506225e+003	-1.536990e-005
2.720000000000002e+001	-9.999999e-002	6.506225e+003	-1.536989e-005
2.720000010000001e+001	-1.999999e-002	1.327456e+004	-1.506641e-006
2.720000030000000e+001	1.400000e-001	2.498770e+003	5.602756e-005
2.720000069999998e+001	4.600000e-001	1.043165e+003	4.409657e-004
2.720000099999999e+001	7.000000e-001	6.463681e+002	1.082974e-003
2.727176475999730e+001	7.000000e-001	6.458022e+002	1.083923e-003
2.737416476000070e+001	7.000000e-001	6.450009e+002	1.085270e-003
2.747656476000410e+001	7.000000e-001	6.442065e+002	1.086608e-003
2.757896476000749e+001	7.000000e-001	6.434192e+002	1.087938e-003
2.768136476001089e+001	7.000000e-001	6.426387e+002	1.089259e-003
2.778376476001429e+001	7.000000e-001	6.418650e+002	1.090572e-003
2.788616476001769e+001	7.000000e-001	6.410980e+002	1.091877e-003
2.798856476002109e+001	7.000000e-001	6.403375e+002	1.093174e-003
2.809096476002449e+001	7.000000e-001	6.395836e+002	1.094462e-003
2.819336476002789e+001	7.000000e-001	6.388360e+002	1.095743e-003
2.820000099999999e+001	7.000000e-001	6.387879e+002	1.095825e-003
2.820000109999998e+001	6.200000e-001	8.332280e+002	7.440941e-004
2.820000129999997e+001	4.600000e-001	1.286259e+003	3.576262e-004
2.820000169999997e+001	1.400000e-001	2.115069e+003	6.619171e-005
2.820000199999998e+001	-9.999999e-002	5.953402e+003	-1.679712e-005
2.829406576000270e+001	-1.000000e-001	5.953403e+003	-1.679712e-005
2.839646576000610e+001	-1.000000e-001	5.953403e+003	-1.679712e-005
2.849886576000949e+001	-1.000000e-001	5.953403e+003	-1.679712e-005
2.859999999999999e+001	-1.000000e-001	5.953403e+003	-1.679712e-005
2.860000009999999e+001	-2.000001e-002	1.049212e+004	-1.906194e-006
2.860000029999998e+001	1.400000e-001	2.427310e+003	5.767702e-005
2.860000069999998e+001	4.600000e-001	1.026336e+003	4.481961e-004
2.860000099999999e+001	7.000000e-001	6.387879e+002	1.095825e-003
2.860000220000001e+001	7.000000e-001	6.387879e+002	1.095825e-003
2.870186476000296e+001	7.000000e-001	6.380509e+002	1.097091e-003
2.880426476000636e+001	7.000000e-001	6.373163e+002	1.098356e-003
2.890666476000976e+001	7.000000e-001	6.365879e+002	1.099612e-003
2.900906476001316e+001	7.000000e-001	6.358656e+002	1.100862e-003
2.911146476001656e+001	7.000000e-001	6.351492e+002	1.102103e-003
2.921386476001996e+001	7.000000e-001	6.344387e+002	1.103337e-003
2.931626476002336e+001	7.000000e-001	6.337342e+002	1.104564e-003
2.941866476002676e+001	7.000000e-001	6.330354e+002	1.105783e-003
2.952106476003016e+001	7.000000e-001	6.323422e+002	1.106996e-003
2.960000099999999e+001	7.000000e-001	6.318117e+002	1.107925e-003
2.960000109999999e+001	6.200000e-001	8.219335e+002	7.543189e-004
2.960000129999997e+001	4.600000e-001	1.262489e+003	3.643598e-004
2.960000169999998e+001	1.400000e-001	2.066635e+003	6.774298e-005
2.960000199999999e+001	-9.999999e-002	5.512421e+003	-1.814085e-005
2.962176576000030e+001	-1.000000e-001	5.512421e+003	-1.814085e-005
2.972416576000370e+001	-1.000000e-001	5.512421e+003	-1.814085e-005
2.982656576000710e+001	-1.000000e-001	5.512421e+003	-1.814085e-005
2.992896576001050e+001	-1.000000e-001	5.512421e+003	-1.814085e-005
3.002956476000057e+001	-1.000000e-001	5.512421e+003	-1.814085e-005
3.013196476000397e+001	-1.000000e-001	5.512421e+003	-1.814085e-005
3.023436476000737e+001	-1.000000e-001	5.512421e+003	-1.814085e-005
3.033676476001077e+001	-1.000000e-001	5.512421e+003	-1.814085e-005
3.043916476001417e+001	-1.000000e-001	5.512421e+003	-1.814085e-005
3.054156476001757e+001	-1.000000e-001	5.512421e+003	-1.814085e-005
3.064396476002096e+001	-1.000000e-001	5.512421e+003	-1.814085e-005
3.074636476002436e+001	-1.000000e-001	5.512421e+003	-1.814085e-005
3.084876476002776e+001	-1.000000e-001	5.512421e+003	-1.814085e-005
3.095116476003116e+001	-1.000000e-001	5.512421e+003	-1.814085e-005
3.105356476003456e+001	-1.000000e-001	5.512421e+003	-1.814085e-005
3.115596476003796e+001	-1.000000e-001	5.512421e+003	-1.814085e-005
3.125836476004136e+001	-1.000000e-001	5.512421e+003	-1.814085e-005
3.136076476004476e+001	-1.000000e-001	5.512421e+003	-1.814085e-005
3.146316476004816e+001	-1.000000e-001	5.512421e+003	-1.814085e-005
3.156556476005156e+001	-1.000000e-001	5.512421e+003	-1.814085e-005
3.166796476005496e+001	-1.000000e-001	5.512421e+003	-1.814085e-005
3.177036476005836e+001	-1.000000e-001	5.512421e+003	-1.814085e-005
3.187276476006176e+001	-1.000000e-001	5.512421e+003	-1.814085e-005
3.197516476006516e+001	-1.000000e-001	5.512421e+003	-1.814085e-005
3.207756476006856e+001	-1.000000e-001	5.512421e+003	-1.814085e-005
3.217996476007195e+001	-1.000000e-001	5.512421e+003	-1.814085e-005
3.228236476007535e+001	-1.000000e-001	5.512421e+003	-1.814085e-005
3.238476476007875e+001	-1.000000e-001	5.512421e+003	-1.814085e-005
3.248716476008215e+001	-1.000000e-001	5.512421e+003	-1.814085e-005
3.258956476008555e+001	-1.000000e-001	5.512421e+003	-1.814085e-005
3.269196476008895e+001	-1.000000e-001	5.512421e+003	-1.814085e-005
3.279436476009235e+001	-1.000000e-001	5.512421e+003	-1.814085e-005
3.289676476009575e+001	-1.000000e-001	5.512421e+003	-1.814085e-005
3.299916476009915e+001	-1.000000e-001	5.512421e+003	-1.814085e-005
3.310156476010255e+001	-1.000000e-001	5.512421e+003	-1.814085e-005
3.320396476010595e+001	-1.000000e-001	5.512421e+003	-1.814085e-005
3.330636476010935e+001	-1.000000e-001	5.512421e+003	-1.814085e-005
3.340876476011275e+001	-1.000000e-001	5.512421e+003	-1.814085e-005
3.351116476011615e+001	-1.000000e-001	5.512421e+003	-1.814085e-005
3.361356476011954e+001	-1.000000e-001	5.512421e+003	-1.814085e-005
3.371596476012294e+001	-1.000000e-001	5.512421e+003	-1.814085e-005
3.381836476012634e+001	-1.000000e-001	5.512421e+003	-1.814085e-005
3.392076476012974e+001	-1.000000e-001	5.512421e+003	-1.814085e-005
3.402316476013314e+001	-1.000000e-001	5.512421e+003	-1.814085e-005
3.412556476013654e+001	-1.000000e-001	5.512421e+003	-1.814085e-005
3.422796476013994e+001	-1.000000e-001	5.512421e+003	-1.814085e-005
3.433036476014334e+001	-1.000000e-001	5.512421e+003	-1.814085e-005
3.443276476014674e+001	-1.000000e-001	5.512421e+003	-1.814085e-005
3.453516476015014e+001	-1.000000e-001	5.512421e+003	-1.814085e-005
3.463756476015354e+001	-1.000000e-001	5.512421e+003	-1.814085e-005
3.473996476015694e+001	-1.000000e-001	5.512421e+003	-1.814085e-005
3.484236476016034e+001	-1.000000e-001	5.512421e+003	-1.814085e-005
3.494476476016374e+001	-1.000000e-001	5.512421e+003	-1.814085e-005
3.504716476016714e+001	-1.000000e-001	5.512421e+003	-1.814085e-005
3.514956476017053e+001	-1.000000e-001	5.512421e+003	-1.814085e-005
3.525196476017393e+001	-1.000000e-001	5.512421e+003	-1.814085e-005
3.535436476017733e+001	-1.000000e-001	5.512421e+003	-1.814085e-005
3.545676476018073e+001	-1.000000e-001	5.512421e+003	-1.814085e-005
3.555916476018413e+001	-1.000000e-001	5.512421e+003	-1.814085e-005
3.566156476018753e+001	-1.000000e-001	5.512421e+003	-1.814085e-005
3.576396476019093e+001	-1.000000e-001	5.512421e+003	-1.814085e-005
3.586636476019433e+001	-1.000000e-001	5.512421e+003	-1.814085e-005
3.596876476019773e+001	-1.000000e-001	5.512421e+003	-1.814085e-005
3.607116476020113e+001	-1.000000e-001	5.512421e+003	-1.814085e-005
3.617356476020453e+001	-1.000000e-001	5.512421e+003	-1.814085e-005
3.627596476020793e+001	-1.000000e-001	5.512421e+003	-1.814085e-005
3.637836476021133e+001	-1.000000e-001	5.512421e+003	-1.814085e-005
3.648076476021473e+001	-1.000000e-001	5.512421e+003	-1.814085e-005
3.658316476021813e+001	-1.000000e-001	5.512421e+003	-1.814085e-005
3.668556476022152e+001	-1.000000e-001	5.512421e+003	-1.814085e-005
3.678796476022492e+001	-1.000000e-001	5.512421e+003	-1.814085e-005
3.689036476022832e+001	-1.000000e-001	5.512421e+003	-1.814085e-005
3.699276476023172e+001	-1.000000e-001	5.512421e+003	-1.814085e-005
3.709516476023512e+001	-1.000000e-001	5.512421e+003	-1.814085e-005
3.719756476023852e+001	-1.000000e-001	5.512421e+003	-1.814085e-005
3.729996476024192e+001	-1.000000e-001	5.512421e+003	-1.814085e-005
3.740236476024532e+001	-1.000000e-001	5.512421e+003	-1.814085e-005
3.750476476024872e+001	-1.000000e-001	5.512421e+003	-1.814085e-005
3.760716476025212e+001	-1.000000e-001	5.512421e+003	-1.814085e-005
3.770956476025552e+001	-1.000000e-001	5.512421e+003	-1.814085e-005
3.781196476025892e+001	-1.000000e-001	5.512421e+003	-1.814085e-005
3.791436476026232e+001	-1.000000e-001	5.512421e+003	-1.814085e-005
3.801676476026572e+001	-1.000000e-001	5.512421e+003	-1.814085e-005
3.811916476026912e+001	-1.000000e-001	5.512421e+003	-1.814085e-005
3.822156476027251e+001	-1.000000e-001	5.512421e+003	-1.814085e-005
3.832396476027591e+001	-1.000000e-001	5.512421e+003	-1.814085e-005
3.842636476027931e+001	-1.000000e-001	5.512421e+003	-1.814085e-005
3.852876476028271e+001	-1.000000e-001	5.512421e+003	-1.814085e-005
3.863116476028611e+001	-1.000000e-001	5.512421e+003	-1.814085e-005
3.873356476028951e+001	-1.000000e-001	5.512421e+003	-1.814085e-005
3.883596476029291e+001	-1.000000e-001	5.512421e+003	-1.814085e-005
3.893836476029631e+001	-1.000000e-001	5.512421e+003	-1.814085e-005
3.899996383522631e+001	-1.000000e-001	5.512421e+003	-1.814085e-005
3.900000000000000e+001	-1.000000e-001	5.512421e+003	-1.814085e-005