time	V(pre)	V(pre)/Ix(U1:TE)	Ix(U1:TE)
0.000000000000000e+000	1.000000e+000	1.558241e+002	6.417492e-003
1.017400617501494e-001	1.000000e+000	1.558242e+002	6.417487e-003
2.041400617535487e-001	1.000000e+000	1.558244e+002	6.417481e-003
3.065400617569480e-001	1.000000e+000	1.558245e+002	6.417476e-003
4.089400617603474e-001	1.000000e+000	1.558246e+002	6.417470e-003
5.113400617637467e-001	1.000000e+000	1.558248e+002	6.417464e-003
6.137400617671460e-001	1.000000e+000	1.558249e+002	6.417459e-003
7.161400617705453e-001	1.000000e+000	1.558251e+002	6.417453e-003
8.185400617739447e-001	1.000000e+000	1.558252e+002	6.417448e-003
9.209400617773440e-001	1.000000e+000	1.558253e+002	6.417442e-003
1.000000000000000e+000	1.000000e+000	1.558254e+002	6.417438e-003
1.000000099999994e+000	6.100000e-001	2.359617e+002	2.585165e-003
1.000000299999996e+000	-1.700000e-001	4.826618e+001	-3.522134e-003
1.000000700000001e+000	-1.730000e+000	5.861551e+000	-2.951437e-001
1.000000999999998e+000	-2.900000e+000	2.919781e+000	-9.932252e-001
1.000001080000004e+000	-2.988000e+000	2.166309e+000	-1.379304e+000
1.000001240000003e+000	-3.164000e+000	1.123744e+000	-2.815587e+000
1.000001560000001e+000	-3.516000e+000	3.029032e-001	-1.160767e+001
1.000001999999995e+000	-4.000000e+000	1.153358e-001	-3.468134e+001
1.000002064000000e+000	-4.000000e+000	1.153358e-001	-3.468133e+001
1.000003983999989e+000	-4.000000e+000	1.153360e-001	-3.468129e+001
1.020133008000329e+000	-4.000000e+000	1.168115e-001	-3.424320e+001
1.122533008003728e+000	-4.000000e+000	1.249433e-001	-3.201453e+001
1.224933008007128e+000	-4.000000e+000	1.342919e-001	-2.978586e+001
1.327333008010527e+000	-4.000000e+000	1.451526e-001	-2.755720e+001
1.429733008013926e+000	-4.000000e+000	1.579247e-001	-2.532853e+001
1.532133008017325e+000	-4.000000e+000	1.731612e-001	-2.309986e+001
1.634533008020725e+000	-4.000000e+000	1.916517e-001	-2.087120e+001
1.736933008024124e+000	-4.000000e+000	2.145631e-001	-1.864253e+001
1.839333008027523e+000	-4.000000e+000	2.436964e-001	-1.641386e+001
1.941733008030923e+000	-4.000000e+000	2.819841e-001	-1.418520e+001
2.000000999999998e+000	-4.000000e+000	3.096686e-001	-1.291703e+001
2.000001099999992e+000	-3.610000e+000	5.834261e-001	-6.187588e+000
2.000001299999994e+000	-2.830000e+000	2.066119e+000	-1.369718e+000
2.000001699999999e+000	-1.270000e+000	1.977691e+001	-6.421631e-002
2.000001999999995e+000	-1.000000e-001	4.795136e+003	-2.085447e-005
2.042765760000989e+000	-1.000000e-001	4.795137e+003	-2.085446e-005
2.145165760004389e+000	-1.000000e-001	4.795137e+003	-2.085446e-005
2.247565760007788e+000	-1.000000e-001	4.795137e+003	-2.085446e-005
2.349965760011187e+000	-1.000000e-001	4.795137e+003	-2.085446e-005
2.400000000000006e+000	-1.000000e-001	4.795137e+003	-2.085447e-005
2.400000100000000e+000	-4.900000e-001	1.224810e+003	-4.000621e-004
2.400000300000002e+000	-1.270000e+000	2.529707e+001	-5.020345e-002
2.400000700000007e+000	-2.830000e+000	7.372521e-001	-3.838578e+000
2.400001000000003e+000	-4.000000e+000	3.096689e-001	-1.291702e+001
2.450564760001257e+000	-4.000000e+000	3.385087e-001	-1.181654e+001
2.552964760004656e+000	-4.000000e+000	4.171938e-001	-9.587870e+000
2.607164760006455e+000	-4.000000e+000	4.757236e-001	-8.408243e+000
2.655364760008055e+000	-4.000000e+000	5.379972e-001	-7.434983e+000
2.707264760009778e+000	-4.000000e+000	6.120250e-001	-6.535681e+000
2.757764760011455e+000	-4.000000e+000	6.917708e-001	-5.782262e+000
2.813064760013290e+000	-4.000000e+000	7.888343e-001	-5.070774e+000
2.860164760014854e+000	-4.000000e+000	8.804218e-001	-4.543277e+000
2.918164760016779e+000	-4.000000e+000	1.005782e+000	-3.977007e+000
2.962564760018253e+000	-4.000000e+000	1.112131e+000	-3.596699e+000
3.022764760020252e+000	-4.000000e+000	1.272385e+000	-3.143703e+000
3.064964760021653e+000	-4.000000e+000	1.396892e+000	-2.863499e+000
3.126964760023711e+000	-4.000000e+000	1.600147e+000	-2.499770e+000
3.167364760025052e+000	-4.000000e+000	1.746937e+000	-2.289721e+000
3.230864760027160e+000	-4.000000e+000	2.003237e+000	-1.996768e+000
3.269764760028451e+000	-4.000000e+000	2.177238e+000	-1.837190e+000
3.334464760030599e+000	-4.000000e+000	2.498617e+000	-1.600886e+000
3.372164760031851e+000	-4.000000e+000	2.706115e+000	-1.478134e+000
3.400001000000003e+000	-4.000000e+000	2.869746e+000	-1.393852e+000
3.400001099999997e+000	-3.610000e+000	5.404418e+000	-6.679720e-001
3.400001300000000e+000	-2.830000e+000	1.911458e+001	-1.480545e-001
3.400001700000004e+000	-1.270000e+000	1.823120e+002	-6.966078e-003
3.400002000000001e+000	-1.000000e-001	4.267644e+004	-2.343213e-006
3.472865760001994e+000	-1.000000e-001	4.267644e+004	-2.343213e-006
3.575265760005394e+000	-1.000000e-001	4.267644e+004	-2.343213e-006
3.677665760008793e+000	-1.000000e-001	4.267644e+004	-2.343213e-006
3.780065760012192e+000	-1.000000e-001	4.267644e+004	-2.343213e-006
3.800000000000011e+000	-1.000000e-001	4.267644e+004	-2.343214e-006
3.800000100000005e+000	-4.900000e-001	1.108197e+004	-4.421598e-005
3.800000300000008e+000	-1.270000e+000	2.331774e+002	-5.446496e-003
3.800000699999998e+000	-2.830000e+000	6.830888e+000	-4.142946e-001
3.800000999999995e+000	-4.000000e+000	2.869749e+000	-1.393850e+000
3.865864759999440e+000	-4.000000e+000	3.295408e+000	-1.213810e+000
3.880664759999931e+000	-4.000000e+000	3.399056e+000	-1.176797e+000
3.947164760002139e+000	-4.000000e+000	3.904704e+000	-1.024405e+000
3.983064760003330e+000	-4.000000e+000	4.207020e+000	-9.507917e-001
4.050164760005558e+000	-4.000000e+000	4.833748e+000	-8.275152e-001
4.085464760006730e+000	-4.000000e+000	5.198773e+000	-7.694123e-001
4.153164760008977e+000	-4.000000e+000	5.974970e+000	-6.694595e-001
4.187864760010129e+000	-4.000000e+000	6.415241e+000	-6.235151e-001
4.256064760012393e+000	-4.000000e+000	7.374135e+000	-5.424365e-001
4.290264760013528e+000	-4.000000e+000	7.905993e+000	-5.059453e-001
4.358864760015806e+000	-4.000000e+000	9.087400e+000	-4.401699e-001
4.392664760016928e+000	-4.000000e+000	9.730829e+000	-4.110647e-001
4.461664760019218e+000	-4.000000e+000	1.118440e+001	-3.576410e-001
4.495064760020327e+000	-4.000000e+000	1.196155e+001	-3.344047e-001
4.564364760022627e+000	-4.000000e+000	1.374426e+001	-2.910306e-001
4.597464760023726e+000	-4.000000e+000	1.468385e+001	-2.724081e-001
4.667164760026040e+000	-4.000000e+000	1.686917e+001	-2.371190e-001
4.699864760027126e+000	-4.000000e+000	1.799922e+001	-2.222319e-001
4.769964760029453e+000	-4.000000e+000	2.067147e+001	-1.935034e-001
4.800000999999995e+000	-4.000000e+000	2.192906e+001	-1.824064e-001
4.800001099999989e+000	-3.610000e+000	4.116844e+001	-8.768854e-002
4.800001299999991e+000	-2.830000e+000	1.442433e+002	-1.961963e-002
4.800001699999996e+000	-1.270000e+000	1.340656e+003	-9.472971e-004
4.800001999999992e+000	-1.000000e-001	2.518231e+005	-3.971043e-007
4.800565759999586e+000	-1.000000e-001	2.518231e+005	-3.971042e-007
4.902965760002985e+000	-1.000000e-001	2.518231e+005	-3.971042e-007
5.005365760006384e+000	-1.000000e-001	2.518231e+005	-3.971042e-007
5.107765760009784e+000	-1.000000e-001	2.518231e+005	-3.971042e-007
5.200000000000003e+000	-1.000000e-001	2.518231e+005	-3.971043e-007
5.200000099999997e+000	-4.900000e-001	7.200101e+004	-6.805460e-006
5.200000299999999e+000	-1.270000e+000	1.713560e+003	-7.411469e-004
5.200000700000004e+000	-2.830000e+000	5.212190e+001	-5.429579e-002
5.200001000000000e+000	-4.000000e+000	2.192908e+001	-1.824062e-001
5.208364759999853e+000	-4.000000e+000	2.229205e+001	-1.794361e-001
5.278864760002193e+000	-4.000000e+000	2.558712e+001	-1.563287e-001
5.310764760003252e+000	-4.000000e+000	2.722526e+001	-1.469224e-001
5.381664760005606e+000	-4.000000e+000	3.122702e+001	-1.280942e-001
5.413164760006652e+000	-4.000000e+000	3.317644e+001	-1.205675e-001
5.484664760009025e+000	-4.000000e+000	3.802949e+001	-1.051815e-001
5.515564760010051e+000	-4.000000e+000	4.032342e+001	-9.919792e-002
5.587564760012441e+000	-4.000000e+000	4.616880e+001	-8.663859e-002
5.617964760013450e+000	-4.000000e+000	4.886022e+001	-8.186618e-002
5.690764760015867e+000	-4.000000e+000	5.588694e+001	-7.157308e-002
5.720364760016850e+000	-4.000000e+000	5.899153e+001	-6.780635e-002
5.793964760019293e+000	-4.000000e+000	6.737400e+001	-5.937008e-002
5.822764760020249e+000	-4.000000e+000	7.092349e+001	-5.639880e-002
5.897364760022725e+000	-4.000000e+000	8.086195e+001	-4.946702e-002
5.925164760023648e+000	-4.000000e+000	8.485016e+001	-4.714192e-002
6.000964760026164e+000	-4.000000e+000	9.654197e+001	-4.143276e-002
6.027564760027047e+000	-4.000000e+000	1.009351e+002	-3.962941e-002
6.104864760029614e+000	-4.000000e+000	1.145770e+002	-3.491103e-002
6.129964760030447e+000	-4.000000e+000	1.192890e+002	-3.353200e-002
6.200001000000000e+000	-4.000000e+000	1.331695e+002	-3.003691e-002
6.200001099999994e+000	-3.610000e+000	2.455212e+002	-1.470342e-002
6.200001299999997e+000	-2.830000e+000	8.165639e+002	-3.465742e-003
6.200001700000001e+000	-1.270000e+000	6.674188e+003	-1.902853e-004
6.200001999999998e+000	-1.000000e-001	6.564587e+005	-1.523325e-007
6.230665760000591e+000	-1.000000e-001	6.564587e+005	-1.523325e-007
6.333065760003990e+000	-1.000000e-001	6.564587e+005	-1.523325e-007
6.435465760007389e+000	-1.000000e-001	6.564587e+005	-1.523325e-007
6.537865760010789e+000	-1.000000e-001	6.564587e+005	-1.523325e-007
6.600000000000009e+000	-1.000000e-001	6.564586e+005	-1.523326e-007
6.600000100000003e+000	-4.900000e-001	2.333161e+005	-2.100156e-006
6.600000300000005e+000	-1.270000e+000	8.504538e+003	-1.493320e-004
6.600000699999995e+000	-2.830000e+000	3.138527e+002	-9.016967e-003
6.600000999999992e+000	-4.000000e+000	1.331696e+002	-3.003688e-002
6.638464759998527e+000	-4.000000e+000	1.412468e+002	-2.831923e-002
6.719764760001226e+000	-4.000000e+000	1.593456e+002	-2.510267e-002
6.740864760001927e+000	-4.000000e+000	1.642621e+002	-2.435133e-002
6.824764760004712e+000	-4.000000e+000	1.846414e+002	-2.166361e-002
6.843264760005326e+000	-4.000000e+000	1.893020e+002	-2.113025e-002
6.930164760008211e+000	-4.000000e+000	2.118981e+002	-1.887700e-002
6.945664760008725e+000	-4.000000e+000	2.160372e+002	-1.851533e-002
7.036264760011733e+000	-4.000000e+000	2.407447e+002	-1.661511e-002
7.048064760012125e+000	-4.000000e+000	2.440152e+002	-1.639242e-002
7.142964760015275e+000	-4.000000e+000	2.705751e+002	-1.478332e-002
7.150464760015524e+000	-4.000000e+000	2.726854e+002	-1.466892e-002
7.250464760018843e+000	-4.000000e+000	3.007698e+002	-1.329921e-002
7.252864760018923e+000	-4.000000e+000	3.014400e+002	-1.326964e-002
7.355264760022322e+000	-4.000000e+000	3.296638e+002	-1.213357e-002
7.457664760025722e+000	-4.000000e+000	3.567862e+002	-1.121120e-002
7.560064760029121e+000	-4.000000e+000	3.823249e+002	-1.046231e-002
7.600000999999992e+000	-4.000000e+000	3.917728e+002	-1.021000e-002
7.600001099999986e+000	-3.610000e+000	6.933900e+002	-5.206306e-003
7.600001299999988e+000	-2.830000e+000	2.075183e+003	-1.363735e-003
7.600001699999993e+000	-1.270000e+000	1.383744e+004	-9.177997e-005
7.600001999999989e+000	-1.000000e-001	8.300004e+005	-1.204819e-007
7.660765760001581e+000	-1.000000e-001	8.300005e+005	-1.204819e-007
7.763165760004981e+000	-1.000000e-001	8.300005e+005	-1.204819e-007
7.865565760008380e+000	-1.000000e-001	8.300005e+005	-1.204819e-007
7.967965760011779e+000	-1.000000e-001	8.300005e+005	-1.204819e-007
8.000000000000000e+000	-1.000000e-001	8.300005e+005	-1.204819e-007
8.000000099999994e+000	-4.900000e-001	3.293270e+005	-1.487883e-006
8.000000299999996e+000	-1.270000e+000	1.756016e+004	-7.232279e-005
8.000000700000001e+000	-2.830000e+000	9.055680e+002	-3.125110e-003
8.000000999999998e+000	-4.000000e+000	3.917730e+002	-1.021000e-002
8.068564760001848e+000	-4.000000e+000	4.072537e+002	-9.821888e-003
8.170964760005248e+000	-4.000000e+000	4.285273e+002	-9.334294e-003
8.273364760008647e+000	-4.000000e+000	4.475073e+002	-8.938401e-003
8.375764760012046e+000	-4.000000e+000	4.642007e+002	-8.616962e-003
8.478164760015446e+000	-4.000000e+000	4.786995e+002	-8.355973e-003
8.580564760018845e+000	-4.000000e+000	4.911552e+002	-8.144065e-003
8.682964760022244e+000	-4.000000e+000	5.017557e+002	-7.972008e-003
8.785364760025644e+000	-4.000000e+000	5.107052e+002	-7.832306e-003
8.887764760029043e+000	-4.000000e+000	5.182101e+002	-7.718877e-003
8.990164760032442e+000	-4.000000e+000	5.244679e+002	-7.626778e-003
9.000000999999998e+000	-4.000000e+000	5.250102e+002	-7.618899e-003
9.000001099999992e+000	-3.610000e+000	9.104284e+002	-3.965166e-003
9.000001299999980e+000	-2.830000e+000	2.598638e+003	-1.089032e-003
9.000001699999984e+000	-1.270000e+000	1.609496e+004	-7.890671e-005
9.000001999999995e+000	-1.000000e-001	8.597016e+005	-1.163195e-007
9.090865760002600e+000	-1.000000e-001	8.597016e+005	-1.163194e-007
9.193265760006000e+000	-1.000000e-001	8.597016e+005	-1.163194e-007
9.295665760009399e+000	-1.000000e-001	8.597016e+005	-1.163194e-007
9.398065760012798e+000	-1.000000e-001	8.597016e+005	-1.163194e-007
9.400000000000006e+000	-1.000000e-001	8.597016e+005	-1.163195e-007
9.400000100000000e+000	-4.900000e-001	3.480442e+005	-1.407867e-006
9.400000299999988e+000	-1.270000e+000	2.039874e+004	-6.225875e-005
9.400000699999993e+000	-2.830000e+000	1.201634e+003	-2.355127e-003
9.400001000000003e+000	-4.000000e+000	5.250102e+002	-7.618899e-003
9.498664760002868e+000	-4.000000e+000	5.299406e+002	-7.548016e-003
9.601064760006267e+000	-4.000000e+000	5.341847e+002	-7.488047e-003
9.703464760009666e+000	-4.000000e+000	5.376810e+002	-7.439356e-003
9.805864760013066e+000	-4.000000e+000	5.405536e+002	-7.399821e-003
9.908264760016465e+000	-4.000000e+000	5.429088e+002	-7.367720e-003
1.001066476001986e+001	-4.000000e+000	5.448362e+002	-7.341656e-003
1.011306476002326e+001	-4.000000e+000	5.464112e+002	-7.320494e-003
1.021546476002666e+001	-4.000000e+000	5.476968e+002	-7.303311e-003
1.031786476003006e+001	-4.000000e+000	5.487451e+002	-7.289359e-003
1.040000100000000e+001	-4.000000e+000	5.494438e+002	-7.280089e-003
1.040000110000000e+001	-3.610000e+000	9.492816e+002	-3.802876e-003
1.040000129999999e+001	-2.830000e+000	2.687273e+003	-1.053112e-003
1.040000169999999e+001	-1.270000e+000	1.644579e+004	-7.722340e-005
1.040000200000000e+001	-1.000000e-001	8.637432e+005	-1.157752e-007
1.041856576000021e+001	-1.000000e-001	8.637432e+005	-1.157752e-007
1.052096576000361e+001	-1.000000e-001	8.637432e+005	-1.157752e-007
1.062336576000701e+001	-1.000000e-001	8.637432e+005	-1.157752e-007
1.072576576001040e+001	-1.000000e-001	8.637432e+005	-1.157752e-007
1.080000000000001e+001	-1.000000e-001	8.637432e+005	-1.157752e-007
1.080000010000001e+001	-4.900000e-001	3.506501e+005	-1.397405e-006
1.080000029999999e+001	-1.270000e+000	2.083922e+004	-6.094278e-005
1.080000070000000e+001	-2.830000e+000	1.255298e+003	-2.254445e-003
1.080000100000001e+001	-4.000000e+000	5.494438e+002	-7.280089e-003
1.082636476000047e+001	-4.000000e+000	5.496448e+002	-7.277427e-003
1.092876476000387e+001	-4.000000e+000	5.503318e+002	-7.268343e-003
1.103116476000727e+001	-4.000000e+000	5.508908e+002	-7.260967e-003
1.113356476001067e+001	-4.000000e+000	5.513456e+002	-7.254978e-003
1.123596476001407e+001	-4.000000e+000	5.517154e+002	-7.250115e-003
1.133836476001747e+001	-4.000000e+000	5.520161e+002	-7.246166e-003
1.144076476002087e+001	-4.000000e+000	5.522604e+002	-7.242960e-003
1.154316476002427e+001	-4.000000e+000	5.524589e+002	-7.240357e-003
1.164556476002767e+001	-4.000000e+000	5.526202e+002	-7.238244e-003
1.174796476003107e+001	-4.000000e+000	5.527513e+002	-7.236527e-003
1.180000100000001e+001	-4.000000e+000	5.528082e+002	-7.235783e-003
1.180000110000000e+001	-3.610000e+000	9.546090e+002	-3.781653e-003
1.180000129999999e+001	-2.830000e+000	2.699313e+003	-1.048415e-003
1.180000170000000e+001	-1.270000e+000	1.649281e+004	-7.700327e-005
1.180000200000001e+001	-1.000000e-001	8.642745e+005	-1.157040e-007
1.184866576000121e+001	-1.000000e-001	8.642745e+005	-1.157040e-007
1.195106576000461e+001	-1.000000e-001	8.642745e+005	-1.157040e-007
1.205346576000801e+001	-1.000000e-001	8.642745e+005	-1.157040e-007
1.215586576001141e+001	-1.000000e-001	8.642745e+005	-1.157040e-007
1.220000000000002e+001	-1.000001e-001	8.642745e+005	-1.157041e-007
1.220000010000001e+001	-4.900000e-001	3.509937e+005	-1.396037e-006
1.220000030000000e+001	-1.270000e+000	2.089823e+004	-6.077069e-005
1.220000069999998e+001	-2.830000e+000	1.262672e+003	-2.241278e-003
1.220000099999999e+001	-4.000000e+000	5.528082e+002	-7.235782e-003
1.225646475999679e+001	-4.000000e+000	5.528634e+002	-7.235060e-003
1.235886476000019e+001	-4.000000e+000	5.529488e+002	-7.233942e-003
1.246126476000359e+001	-4.000000e+000	5.530182e+002	-7.233035e-003
1.256366476000699e+001	-4.000000e+000	5.530745e+002	-7.232299e-003
1.266606476001039e+001	-4.000000e+000	5.531203e+002	-7.231700e-003
1.276846476001379e+001	-4.000000e+000	5.531574e+002	-7.231215e-003
1.287086476001718e+001	-4.000000e+000	5.531876e+002	-7.230820e-003
1.297326476002058e+001	-4.000000e+000	5.532121e+002	-7.230500e-003
1.307566476002398e+001	-4.000000e+000	5.532320e+002	-7.230240e-003
1.317806476002738e+001	-4.000000e+000	5.532481e+002	-7.230029e-003
1.320000099999999e+001	-4.000000e+000	5.532512e+002	-7.229989e-003
1.320000109999998e+001	-3.610000e+000	9.553101e+002	-3.778878e-003
1.320000129999997e+001	-2.830000e+000	2.700895e+003	-1.047801e-003
1.320000169999997e+001	-1.270000e+000	1.649897e+004	-7.697451e-005
1.320000199999998e+001	-1.000001e-001	8.643441e+005	-1.156947e-007
1.327876576000219e+001	-1.000000e-001	8.643441e+005	-1.156947e-007
1.338116576000559e+001	-1.000000e-001	8.643441e+005	-1.156947e-007
1.348356576000899e+001	-1.000000e-001	8.643441e+005	-1.156947e-007
1.358596576001239e+001	-1.000000e-001	8.643441e+005	-1.156947e-007
1.359999999999999e+001	-1.000000e-001	8.643441e+005	-1.156947e-007
1.360000009999999e+001	-4.899999e-001	3.510387e+005	-1.395857e-006
1.360000029999998e+001	-1.270000e+000	2.090597e+004	-6.074818e-005
1.360000069999998e+001	-2.830000e+000	1.263643e+003	-2.239557e-003
1.360000099999999e+001	-4.000000e+000	5.532512e+002	-7.229989e-003
1.368656476000245e+001	-4.000000e+000	5.532619e+002	-7.229849e-003
1.378896476000585e+001	-4.000000e+000	5.532725e+002	-7.229711e-003
1.389136476000925e+001	-4.000000e+000	5.532810e+002	-7.229600e-003
1.399376476001265e+001	-4.000000e+000	5.532879e+002	-7.229509e-003
1.409616476001605e+001	-4.000000e+000	5.532936e+002	-7.229435e-003
1.419856476001945e+001	-4.000000e+000	5.532981e+002	-7.229376e-003
1.430096476002285e+001	-4.000000e+000	5.533018e+002	-7.229327e-003
1.440336476002625e+001	-4.000000e+000	5.533049e+002	-7.229288e-003
1.450576476002965e+001	-4.000000e+000	5.533073e+002	-7.229256e-003
1.460000099999999e+001	-4.000000e+000	5.533091e+002	-7.229232e-003
1.460000109999999e+001	-3.610000e+000	9.554018e+002	-3.778515e-003
1.460000129999997e+001	-2.830000e+000	2.701102e+003	-1.047720e-003
1.460000169999998e+001	-1.270000e+000	1.649978e+004	-7.697073e-005
1.460000199999999e+001	-1.000000e-001	8.643531e+005	-1.156935e-007
1.460646575999979e+001	-1.000000e-001	8.643532e+005	-1.156935e-007
1.470886576000319e+001	-1.000000e-001	8.643532e+005	-1.156935e-007
1.481126576000659e+001	-1.000000e-001	8.643532e+005	-1.156935e-007
1.491366576000999e+001	-1.000000e-001	8.643532e+005	-1.156935e-007
1.501426476000006e+001	-1.000000e-001	8.643532e+005	-1.156935e-007
1.511666476000346e+001	-1.000000e-001	8.643532e+005	-1.156935e-007
1.521906476000686e+001	-1.000000e-001	8.643532e+005	-1.156935e-007
1.532146476001026e+001	-1.000000e-001	8.643532e+005	-1.156935e-007
1.542386476001366e+001	-1.000000e-001	8.643532e+005	-1.156935e-007
1.552626476001706e+001	-1.000000e-001	8.643532e+005	-1.156935e-007
1.562866476002046e+001	-1.000000e-001	8.643532e+005	-1.156935e-007
1.573106476002386e+001	-1.000000e-001	8.643532e+005	-1.156935e-007
1.583346476002726e+001	-1.000000e-001	8.643532e+005	-1.156935e-007
1.593586476003065e+001	-1.000000e-001	8.643532e+005	-1.156935e-007
1.600000000000000e+001	-1.000000e-001	8.643532e+005	-1.156935e-007
1.600000009999999e+001	9.999993e-003	1.574701e+003	6.350408e-006
1.600000029999998e+001	2.300000e-001	5.252383e+003	4.378964e-005
1.600000040039919e+001	3.404391e-001	3.882180e+003	8.769277e-005
1.600000048492112e+001	4.334132e-001	2.727559e+003	1.589015e-004
1.600000053928568e+001	4.932142e-001	2.108737e+003	2.338909e-004
1.600000058263973e+001	5.409037e-001	1.668438e+003	3.241976e-004
1.600000062937582e+001	5.923134e-001	1.273514e+003	4.651017e-004
1.600000068056869e+001	6.486256e-001	8.985067e+002	7.218928e-004
1.600000078295446e+001	7.612499e-001	4.111207e+002	1.851646e-003
1.600000093723378e+001	9.309571e-001	1.785921e+002	5.212757e-003
1.600000100000000e+001	1.000000e+000	1.330345e+002	7.516847e-003
1.603565441605906e+001	1.000000e+000	1.331137e+002	7.512374e-003
1.613805441606246e+001	1.000000e+000	1.333417e+002	7.499527e-003
1.624045441606586e+001	1.000000e+000	1.335705e+002	7.486681e-003
1.634285441606926e+001	1.000000e+000	1.338001e+002	7.473834e-003
1.644525441607266e+001	1.000000e+000	1.340305e+002	7.460988e-003
1.654765441607606e+001	1.000000e+000	1.342617e+002	7.448141e-003
1.665005441607946e+001	1.000000e+000	1.344937e+002	7.435295e-003
1.675245441608286e+001	1.000000e+000	1.347264e+002	7.422448e-003
1.685485441608626e+001	1.000000e+000	1.349600e+002	7.409602e-003
1.695725441608965e+001	1.000000e+000	1.351927e+002	7.396851e-003
1.700000100000000e+001	1.000000e+000	1.352884e+002	7.391617e-003
1.700000109999999e+001	8.900000e-001	2.036571e+002	4.370091e-003
1.700000129999998e+001	6.700000e-001	4.191502e+002	1.598472e-003
1.700000169999998e+001	2.300000e-001	1.165653e+003	1.973142e-004
1.700000200000000e+001	-9.999999e-002	1.547864e+004	-6.460514e-006
1.705796576000151e+001	-1.000000e-001	1.547864e+004	-6.460514e-006
1.716036576000491e+001	-1.000000e-001	1.547864e+004	-6.460514e-006
1.726276576000831e+001	-1.000000e-001	1.547864e+004	-6.460514e-006
1.736516576001171e+001	-1.000000e-001	1.547864e+004	-6.460514e-006
1.740000000000001e+001	-9.999999e-002	1.547864e+004	-6.460514e-006
1.740000010000000e+001	1.000000e-002	1.623220e+003	6.160596e-006
1.740000029999999e+001	2.300000e-001	1.433513e+003	1.604450e-004
1.740000069999999e+001	6.700000e-001	2.644911e+002	2.533166e-003
1.740000100000000e+001	1.000000e+000	1.352884e+002	7.391616e-003
1.746576476000178e+001	1.000000e+000	1.354341e+002	7.383666e-003
1.756816476000518e+001	1.000000e+000	1.356571e+002	7.371525e-003
1.767056476000857e+001	1.000000e+000	1.358757e+002	7.359665e-003
1.777296476001197e+001	1.000000e+000	1.360900e+002	7.348077e-003
1.787536476001537e+001	1.000000e+000	1.363002e+002	7.336749e-003
1.797776476001877e+001	1.000000e+000	1.365063e+002	7.325671e-003
1.808016476002217e+001	1.000000e+000	1.367085e+002	7.314834e-003
1.818256476002557e+001	1.000000e+000	1.369070e+002	7.304229e-003
1.828496476002897e+001	1.000000e+000	1.371018e+002	7.293849e-003
1.838736476003237e+001	1.000000e+000	1.372931e+002	7.283685e-003
1.840000100000000e+001	1.000000e+000	1.373165e+002	7.282445e-003
1.840000110000000e+001	8.900000e-001	2.045188e+002	4.351677e-003
1.840000129999999e+001	6.700000e-001	4.109354e+002	1.630427e-003
1.840000169999999e+001	2.300000e-001	1.092993e+003	2.104314e-004
1.840000200000000e+001	-1.000000e-001	8.339092e+003	-1.199171e-005
1.848806576000251e+001	-1.000000e-001	8.339092e+003	-1.199171e-005
1.859046576000591e+001	-1.000000e-001	8.339092e+003	-1.199171e-005
1.869286576000931e+001	-1.000000e-001	8.339092e+003	-1.199171e-005
1.879526576001271e+001	-1.000000e-001	8.339092e+003	-1.199171e-005
1.880000000000001e+001	-9.999999e-002	8.339092e+003	-1.199171e-005
1.880000010000001e+001	1.000001e-002	1.668023e+003	5.995125e-006
1.880000029999999e+001	2.300000e-001	1.329516e+003	1.729953e-004
1.880000070000000e+001	6.700000e-001	2.650683e+002	2.527651e-003
1.880000100000001e+001	1.000000e+000	1.373165e+002	7.282445e-003
1.889586476000278e+001	1.000000e+000	1.374922e+002	7.273142e-003
1.899826476000618e+001	1.000000e+000	1.376766e+002	7.263400e-003
1.910066476000958e+001	1.000000e+000	1.378578e+002	7.253852e-003
1.920306476001298e+001	1.000000e+000	1.380359e+002	7.244491e-003
1.930546476001638e+001	1.000000e+000	1.382110e+002	7.235313e-003
1.940786476001978e+001	1.000000e+000	1.383832e+002	7.226311e-003
1.951026476002318e+001	1.000000e+000	1.385525e+002	7.217479e-003
1.961266476002658e+001	1.000000e+000	1.387191e+002	7.208813e-003
1.971506476002998e+001	1.000000e+000	1.388830e+002	7.200306e-003
1.980000100000001e+001	1.000000e+000	1.390169e+002	7.193367e-003
1.980000110000000e+001	8.900000e-001	2.052274e+002	4.336653e-003
1.980000129999999e+001	6.700000e-001	4.044674e+002	1.656500e-003
1.980000170000000e+001	2.300000e-001	1.040092e+003	2.211342e-004
1.980000200000001e+001	-1.000000e-001	6.058835e+003	-1.650482e-005
1.981576576000012e+001	-1.000000e-001	6.058835e+003	-1.650482e-005
1.991816576000352e+001	-1.000000e-001	6.058835e+003	-1.650482e-005
2.002056576000692e+001	-1.000000e-001	6.058835e+003	-1.650482e-005
2.012296576001032e+001	-1.000000e-001	6.058835e+003	-1.650482e-005
2.020000000000002e+001	-9.999998e-002	6.058835e+003	-1.650482e-005
2.020000010000001e+001	1.000001e-002	1.706454e+003	5.860113e-006
2.020000030000000e+001	2.300000e-001	1.255216e+003	1.832355e-004
2.020000069999998e+001	6.700000e-001	2.655411e+002	2.523150e-003
2.020000099999999e+001	1.000000e+000	1.390170e+002	7.193367e-003
2.022356475999570e+001	1.000000e+000	1.390538e+002	7.191462e-003
2.032596475999910e+001	1.000000e+000	1.392124e+002	7.183269e-003
2.042836476000250e+001	1.000000e+000	1.393685e+002	7.175223e-003
2.053076476000589e+001	1.000000e+000	1.395222e+002	7.167318e-003
2.063316476000929e+001	1.000000e+000	1.396736e+002	7.159551e-003
2.073556476001269e+001	1.000000e+000	1.398226e+002	7.151918e-003
2.083796476001609e+001	1.000000e+000	1.399695e+002	7.144414e-003
2.094036476001949e+001	1.000000e+000	1.401142e+002	7.137037e-003
2.104276476002289e+001	1.000000e+000	1.402567e+002	7.129783e-003
2.114516476002629e+001	1.000000e+000	1.403972e+002	7.122648e-003
2.120000099999999e+001	1.000000e+000	1.404716e+002	7.118876e-003
2.120000109999998e+001	8.900000e-001	2.058237e+002	4.324088e-003
2.120000129999997e+001	6.700000e-001	3.992126e+002	1.678304e-003
2.120000169999997e+001	2.300000e-001	9.996322e+002	2.300847e-004
2.120000199999998e+001	-9.999998e-002	4.931211e+003	-2.027899e-005
2.124586576000110e+001	-1.000000e-001	4.931212e+003	-2.027899e-005
2.134826576000449e+001	-1.000000e-001	4.931212e+003	-2.027899e-005
2.145066576000789e+001	-1.000000e-001	4.931212e+003	-2.027899e-005
2.155306576001129e+001	-1.000000e-001	4.931212e+003	-2.027899e-005
2.159999999999999e+001	-1.000000e-001	4.931212e+003	-2.027899e-005
2.160000009999999e+001	9.999988e-003	1.739976e+003	5.747198e-006
2.160000029999998e+001	2.300000e-001	1.199172e+003	1.917990e-004
2.160000069999998e+001	6.700000e-001	2.659378e+002	2.519386e-003
2.160000099999999e+001	1.000000e+000	1.404716e+002	7.118875e-003
2.165366476000136e+001	1.000000e+000	1.405439e+002	7.115215e-003
2.175606476000476e+001	1.000000e+000	1.406803e+002	7.108317e-003
2.185846476000816e+001	1.000000e+000	1.408147e+002	7.101529e-003
2.196086476001156e+001	1.000000e+000	1.409473e+002	7.094848e-003
2.206326476001496e+001	1.000000e+000	1.410781e+002	7.088272e-003
2.216566476001836e+001	1.000000e+000	1.412071e+002	7.081798e-003
2.226806476002176e+001	1.000000e+000	1.413343e+002	7.075424e-003
2.237046476002516e+001	1.000000e+000	1.414598e+002	7.069147e-003
2.247286476002856e+001	1.000000e+000	1.415836e+002	7.062964e-003
2.257526476003196e+001	1.000000e+000	1.417058e+002	7.056874e-003
2.260000099999999e+001	1.000000e+000	1.417351e+002	7.055416e-003
2.260000109999999e+001	8.900000e-001	2.063345e+002	4.313385e-003
2.260000129999997e+001	6.700000e-001	3.948427e+002	1.696878e-003
2.260000169999998e+001	2.300000e-001	9.675680e+002	2.377094e-004
2.260000199999999e+001	-9.999999e-002	4.256376e+003	-2.349416e-005
2.267596576000210e+001	-1.000000e-001	4.256376e+003	-2.349417e-005
2.277836576000550e+001	-1.000000e-001	4.256376e+003	-2.349417e-005
2.288076576000890e+001	-1.000000e-001	4.256376e+003	-2.349417e-005
2.298316576001230e+001	-1.000000e-001	4.256376e+003	-2.349417e-005
2.300000000000000e+001	-1.000000e-001	4.256376e+003	-2.349417e-005
2.300000009999999e+001	9.999993e-003	1.769593e+003	5.651013e-006
2.300000029999998e+001	2.300000e-001	1.155232e+003	1.990942e-004
2.300000069999999e+001	6.700000e-001	2.662766e+002	2.516180e-003
2.300000100000000e+001	1.000000e+000	1.417351e+002	7.055416e-003
2.308376476000237e+001	1.000000e+000	1.418335e+002	7.050519e-003
2.318616476000577e+001	1.000000e+000	1.419525e+002	7.044612e-003
2.328856476000917e+001	1.000000e+000	1.420698e+002	7.038792e-003
2.339096476001257e+001	1.000000e+000	1.421857e+002	7.033055e-003
2.349336476001597e+001	1.000000e+000	1.423001e+002	7.027401e-003
2.359576476001936e+001	1.000000e+000	1.424131e+002	7.021827e-003
2.369816476002276e+001	1.000000e+000	1.425246e+002	7.016330e-003
2.380056476002616e+001	1.000000e+000	1.426348e+002	7.010912e-003
2.390296476002956e+001	1.000000e+000	1.427436e+002	7.005567e-003
2.400000100000000e+001	1.000000e+000	1.428455e+002	7.000571e-003
2.400000109999999e+001	8.900000e-001	2.067780e+002	4.304134e-003
2.400000129999998e+001	6.700000e-001	3.911423e+002	1.712931e-003
2.400000169999998e+001	2.300000e-001	9.414688e+002	2.442992e-004
2.400000200000000e+001	-9.999999e-002	3.806202e+003	-2.627291e-005
2.400366575999971e+001	-1.000000e-001	3.806202e+003	-2.627291e-005
2.410606576000311e+001	-1.000000e-001	3.806202e+003	-2.627291e-005
2.420846576000650e+001	-1.000000e-001	3.806202e+003	-2.627291e-005
2.431086576000990e+001	-1.000000e-001	3.806202e+003	-2.627291e-005
2.440000000000001e+001	-9.999999e-002	3.806202e+003	-2.627291e-005
2.440000010000000e+001	1.000000e-002	1.796014e+003	5.567887e-006
2.440000029999999e+001	2.300000e-001	1.119771e+003	2.053992e-004
2.440000069999999e+001	6.700000e-001	2.665702e+002	2.513409e-003
2.440000100000000e+001	1.000000e+000	1.428455e+002	7.000571e-003
2.441146475999997e+001	1.000000e+000	1.428575e+002	6.999985e-003
2.451386476000337e+001	1.000000e+000	1.429635e+002	6.994790e-003
2.461626476000677e+001	1.000000e+000	1.430684e+002	6.989666e-003
2.471866476001017e+001	1.000000e+000	1.431719e+002	6.984610e-003
2.482106476001357e+001	1.000000e+000	1.432742e+002	6.979622e-003
2.492346476001697e+001	1.000000e+000	1.433754e+002	6.974699e-003
2.502586476002037e+001	1.000000e+000	1.434753e+002	6.969841e-003
2.512826476002377e+001	1.000000e+000	1.435741e+002	6.965047e-003
2.523066476002717e+001	1.000000e+000	1.436717e+002	6.960314e-003
2.533306476003057e+001	1.000000e+000	1.437682e+002	6.955642e-003
2.540000100000000e+001	1.000000e+000	1.438307e+002	6.952620e-003
2.540000110000000e+001	8.900000e-001	2.071673e+002	4.296046e-003
2.540000129999999e+001	6.700000e-001	3.879635e+002	1.726966e-003
2.540000169999999e+001	2.300000e-001	9.197774e+002	2.500605e-004
2.540000200000000e+001	-1.000000e-001	3.484037e+003	-2.870233e-005
2.543376576000071e+001	-1.000000e-001	3.484037e+003	-2.870233e-005
2.553616576000411e+001	-1.000000e-001	3.484037e+003	-2.870233e-005
2.563856576000751e+001	-1.000000e-001	3.484037e+003	-2.870233e-005
2.574096576001091e+001	-1.000000e-001	3.484037e+003	-2.870233e-005
2.580000000000001e+001	-9.999999e-002	3.484037e+003	-2.870233e-005
2.580000010000001e+001	1.000001e-002	1.819768e+003	5.495209e-006
2.580000029999999e+001	2.300000e-001	1.090505e+003	2.109115e-004
2.580000070000000e+001	6.700000e-001	2.668274e+002	2.510986e-003
2.580000100000001e+001	1.000000e+000	1.438307e+002	6.952621e-003
2.584156476000098e+001	1.000000e+000	1.438692e+002	6.950757e-003
2.594396476000438e+001	1.000000e+000	1.439635e+002	6.946206e-003
2.604636476000778e+001	1.000000e+000	1.440567e+002	6.941713e-003
2.614876476001118e+001	1.000000e+000	1.441488e+002	6.937275e-003
2.625116476001458e+001	1.000000e+000	1.442399e+002	6.932893e-003
2.635356476001797e+001	1.000000e+000	1.443300e+002	6.928565e-003
2.645596476002137e+001	1.000000e+000	1.444192e+002	6.924289e-003
2.655836476002477e+001	1.000000e+000	1.445073e+002	6.920066e-003
2.666076476002817e+001	1.000000e+000	1.445945e+002	6.915893e-003
2.676316476003157e+001	1.000000e+000	1.446807e+002	6.911771e-003
2.680000100000001e+001	1.000000e+000	1.447115e+002	6.910300e-003
2.680000110000000e+001	8.900000e-001	2.075120e+002	4.288908e-003
2.680000129999999e+001	6.700000e-001	3.852006e+002	1.739354e-003
2.680000170000000e+001	2.300000e-001	9.014469e+002	2.551454e-004
2.680000200000001e+001	-1.000000e-001	3.241859e+003	-3.084650e-005
2.686386576000172e+001	-1.000000e-001	3.241859e+003	-3.084650e-005
2.696626576000512e+001	-1.000000e-001	3.241859e+003	-3.084650e-005
2.706866576000851e+001	-1.000000e-001	3.241859e+003	-3.084650e-005
2.717106576001191e+001	-1.000000e-001	3.241859e+003	-3.084650e-005
2.720000000000002e+001	-9.999998e-002	3.241859e+003	-3.084649e-005
2.720000010000001e+001	1.000001e-002	1.841261e+003	5.431067e-006
2.720000030000000e+001	2.300000e-001	1.065917e+003	2.157766e-004
2.720000069999998e+001	6.700000e-001	2.670548e+002	2.508848e-003
2.720000099999999e+001	1.000000e+000	1.447115e+002	6.910299e-003
2.720000219999994e+001	1.000000e+000	1.447115e+002	6.910300e-003
2.727166475999729e+001	1.000000e+000	1.447711e+002	6.907457e-003
2.737406476000069e+001	1.000000e+000	1.448554e+002	6.903435e-003
2.747646476000409e+001	1.000000e+000	1.449389e+002	6.899460e-003
2.757886476000749e+001	1.000000e+000	1.450215e+002	6.895531e-003
2.768126476001089e+001	1.000000e+000	1.451031e+002	6.891649e-003
2.778366476001429e+001	1.000000e+000	1.451840e+002	6.887811e-003
2.788606476001769e+001	1.000000e+000	1.452640e+002	6.884018e-003
2.798846476002109e+001	1.000000e+000	1.453432e+002	6.880268e-003
2.809086476002449e+001	1.000000e+000	1.454215e+002	6.876560e-003
2.819326476002789e+001	1.000000e+000	1.454991e+002	6.872894e-003
2.820000099999999e+001	1.000000e+000	1.455042e+002	6.872654e-003
2.820000109999998e+001	8.900000e-001	2.078197e+002	4.282558e-003
2.820000129999997e+001	6.700000e-001	3.827757e+002	1.750373e-003
2.820000169999997e+001	2.300000e-001	8.857446e+002	2.596686e-004
2.820000199999998e+001	-9.999998e-002	3.053079e+003	-3.275381e-005
2.829396576000269e+001	-1.000000e-001	3.053080e+003	-3.275381e-005
2.839636576000609e+001	-1.000000e-001	3.053080e+003	-3.275381e-005
2.849876576000949e+001	-1.000000e-001	3.053080e+003	-3.275381e-005
2.859999999999999e+001	-1.000000e-001	3.053080e+003	-3.275381e-005
2.860000009999999e+001	9.999988e-003	1.860809e+003	5.374000e-006
2.860000029999998e+001	2.300000e-001	1.044959e+003	2.201043e-004
2.860000069999998e+001	6.700000e-001	2.672574e+002	2.506946e-003
2.860000099999999e+001	1.000000e+000	1.455042e+002	6.872654e-003
2.860000156000001e+001	1.000000e+000	1.455042e+002	6.872654e-003
2.870176476000296e+001	1.000000e+000	1.455804e+002	6.869055e-003
2.880416476000636e+001	1.000000e+000	1.456564e+002	6.865473e-003
2.890656476000976e+001	1.000000e+000	1.457316e+002	6.861932e-003
2.900896476001316e+001	1.000000e+000	1.458060e+002	6.858429e-003
2.911136476001656e+001	1.000000e+000	1.458797e+002	6.854964e-003
2.921376476001996e+001	1.000000e+000	1.459526e+002	6.851538e-003
2.931616476002336e+001	1.000000e+000	1.460249e+002	6.848149e-003
2.941856476002675e+001	1.000000e+000	1.460964e+002	6.844797e-003
2.952096476003015e+001	1.000000e+000	1.461672e+002	6.841480e-003
2.960000099999999e+001	1.000000e+000	1.462214e+002	6.838945e-003
2.960000109999999e+001	8.900000e-001	2.080960e+002	4.276872e-003
2.960000129999997e+001	6.700000e-001	3.806300e+002	1.760240e-003
2.960000169999998e+001	2.300000e-001	8.721408e+002	2.637189e-004
2.960000199999999e+001	-9.999999e-002	2.901768e+003	-3.446174e-005
2.962166576000030e+001	-1.000000e-001	2.901768e+003	-3.446174e-005
2.972406576000370e+001	-1.000000e-001	2.901768e+003	-3.446174e-005
2.982646576000710e+001	-1.000000e-001	2.901768e+003	-3.446174e-005
2.992886576001050e+001	-1.000000e-001	2.901768e+003	-3.446174e-005
3.002946476000057e+001	-1.000000e-001	2.901768e+003	-3.446174e-005
3.013186476000396e+001	-1.000000e-001	2.901768e+003	-3.446174e-005
3.023426476000736e+001	-1.000000e-001	2.901768e+003	-3.446174e-005
3.033666476001076e+001	-1.000000e-001	2.901768e+003	-3.446174e-005
3.043906476001416e+001	-1.000000e-001	2.901768e+003	-3.446174e-005
3.054146476001756e+001	-1.000000e-001	2.901768e+003	-3.446174e-005
3.064386476002096e+001	-1.000000e-001	2.901768e+003	-3.446174e-005
3.074626476002436e+001	-1.000000e-001	2.901768e+003	-3.446174e-005
3.084866476002776e+001	-1.000000e-001	2.901768e+003	-3.446174e-005
3.095106476003116e+001	-1.000000e-001	2.901768e+003	-3.446174e-005
3.105346476003456e+001	-1.000000e-001	2.901768e+003	-3.446174e-005
3.115586476003796e+001	-1.000000e-001	2.901768e+003	-3.446174e-005
3.125826476004136e+001	-1.000000e-001	2.901768e+003	-3.446174e-005
3.136066476004476e+001	-1.000000e-001	2.901768e+003	-3.446174e-005
3.146306476004816e+001	-1.000000e-001	2.901768e+003	-3.446174e-005
3.156546476005156e+001	-1.000000e-001	2.901768e+003	-3.446174e-005
3.166786476005495e+001	-1.000000e-001	2.901768e+003	-3.446174e-005
3.177026476005835e+001	-1.000000e-001	2.901768e+003	-3.446174e-005
3.187266476006175e+001	-1.000000e-001	2.901768e+003	-3.446174e-005
3.197506476006515e+001	-1.000000e-001	2.901768e+003	-3.446174e-005
3.207746476006855e+001	-1.000000e-001	2.901768e+003	-3.446174e-005
3.217986476007195e+001	-1.000000e-001	2.901768e+003	-3.446174e-005
3.228226476007535e+001	-1.000000e-001	2.901768e+003	-3.446174e-005
3.238466476007875e+001	-1.000000e-001	2.901768e+003	-3.446174e-005
3.248706476008215e+001	-1.000000e-001	2.901768e+003	-3.446174e-005
3.258946476008555e+001	-1.000000e-001	2.901768e+003	-3.446174e-005
3.269186476008895e+001	-1.000000e-001	2.901768e+003	-3.446174e-005
3.279426476009235e+001	-1.000000e-001	2.901768e+003	-3.446174e-005
3.289666476009575e+001	-1.000000e-001	2.901768e+003	-3.446174e-005
3.299906476009915e+001	-1.000000e-001	2.901768e+003	-3.446174e-005
3.310146476010254e+001	-1.000000e-001	2.901768e+003	-3.446174e-005
3.320386476010594e+001	-1.000000e-001	2.901768e+003	-3.446174e-005
3.330626476010934e+001	-1.000000e-001	2.901768e+003	-3.446174e-005
3.340866476011274e+001	-1.000000e-001	2.901768e+003	-3.446174e-005
3.351106476011614e+001	-1.000000e-001	2.901768e+003	-3.446174e-005
3.361346476011954e+001	-1.000000e-001	2.901768e+003	-3.446174e-005
3.371586476012294e+001	-1.000000e-001	2.901768e+003	-3.446174e-005
3.381826476012634e+001	-1.000000e-001	2.901768e+003	-3.446174e-005
3.392066476012974e+001	-1.000000e-001	2.901768e+003	-3.446174e-005
3.402306476013314e+001	-1.000000e-001	2.901768e+003	-3.446174e-005
3.412546476013654e+001	-1.000000e-001	2.901768e+003	-3.446174e-005
3.422786476013994e+001	-1.000000e-001	2.901768e+003	-3.446174e-005
3.433026476014334e+001	-1.000000e-001	2.901768e+003	-3.446174e-005
3.443266476014674e+001	-1.000000e-001	2.901768e+003	-3.446174e-005
3.453506476015014e+001	-1.000000e-001	2.901768e+003	-3.446174e-005
3.463746476015353e+001	-1.000000e-001	2.901768e+003	-3.446174e-005
3.473986476015693e+001	-1.000000e-001	2.901768e+003	-3.446174e-005
3.484226476016033e+001	-1.000000e-001	2.901768e+003	-3.446174e-005
3.494466476016373e+001	-1.000000e-001	2.901768e+003	-3.446174e-005
3.504706476016713e+001	-1.000000e-001	2.901768e+003	-3.446174e-005
3.514946476017053e+001	-1.000000e-001	2.901768e+003	-3.446174e-005
3.525186476017393e+001	-1.000000e-001	2.901768e+003	-3.446174e-005
3.535426476017733e+001	-1.000000e-001	2.901768e+003	-3.446174e-005
3.545666476018073e+001	-1.000000e-001	2.901768e+003	-3.446174e-005
3.555906476018413e+001	-1.000000e-001	2.901768e+003	-3.446174e-005
3.566146476018753e+001	-1.000000e-001	2.901768e+003	-3.446174e-005
3.576386476019093e+001	-1.000000e-001	2.901768e+003	-3.446174e-005
3.586626476019433e+001	-1.000000e-001	2.901768e+003	-3.446174e-005
3.596866476019773e+001	-1.000000e-001	2.901768e+003	-3.446174e-005
3.607106476020113e+001	-1.000000e-001	2.901768e+003	-3.446174e-005
3.617346476020452e+001	-1.000000e-001	2.901768e+003	-3.446174e-005
3.627586476020792e+001	-1.000000e-001	2.901768e+003	-3.446174e-005
3.637826476021132e+001	-1.000000e-001	2.901768e+003	-3.446174e-005
3.648066476021472e+001	-1.000000e-001	2.901768e+003	-3.446174e-005
3.658306476021812e+001	-1.000000e-001	2.901768e+003	-3.446174e-005
3.668546476022152e+001	-1.000000e-001	2.901768e+003	-3.446174e-005
3.678786476022492e+001	-1.000000e-001	2.901768e+003	-3.446174e-005
3.689026476022832e+001	-1.000000e-001	2.901768e+003	-3.446174e-005
3.699266476023172e+001	-1.000000e-001	2.901768e+003	-3.446174e-005
3.709506476023512e+001	-1.000000e-001	2.901768e+003	-3.446174e-005
3.719746476023852e+001	-1.000000e-001	2.901768e+003	-3.446174e-005
3.729986476024192e+001	-1.000000e-001	2.901768e+003	-3.446174e-005
3.740226476024532e+001	-1.000000e-001	2.901768e+003	-3.446174e-005
3.750466476024872e+001	-1.000000e-001	2.901768e+003	-3.446174e-005
3.760706476025212e+001	-1.000000e-001	2.901768e+003	-3.446174e-005
3.770946476025551e+001	-1.000000e-001	2.901768e+003	-3.446174e-005
3.781186476025891e+001	-1.000000e-001	2.901768e+003	-3.446174e-005
3.791426476026231e+001	-1.000000e-001	2.901768e+003	-3.446174e-005
3.801666476026571e+001	-1.000000e-001	2.901768e+003	-3.446174e-005
3.811906476026911e+001	-1.000000e-001	2.901768e+003	-3.446174e-005
3.822146476027251e+001	-1.000000e-001	2.901768e+003	-3.446174e-005
3.832386476027591e+001	-1.000000e-001	2.901768e+003	-3.446174e-005
3.842626476027931e+001	-1.000000e-001	2.901768e+003	-3.446174e-005
3.852866476028271e+001	-1.000000e-001	2.901768e+003	-3.446174e-005
3.863106476028611e+001	-1.000000e-001	2.901768e+003	-3.446174e-005
3.873346476028951e+001	-1.000000e-001	2.901768e+003	-3.446174e-005
3.883586476029291e+001	-1.000000e-001	2.901768e+003	-3.446174e-005
3.893826476029631e+001	-1.000000e-001	2.901768e+003	-3.446174e-005
3.899996383522631e+001	-1.000000e-001	2.901768e+003	-3.446174e-005
3.900000000000000e+001	-1.000000e-001	2.901768e+003	-3.446174e-005